1305031102.175800 1.373670 0.547233 1.641304
1305031102.215900 1.363968 0.545726 1.633783
1305031102.275800 1.351610 0.547631 1.625934
1305031102.315800 1.341173 0.546321 1.617092
1305031102.345800 1.333009 0.547126 1.608633
1305031102.375800 1.327515 0.543425 1.598661
1305031102.415900 1.326188 0.542000 1.587596
1305031102.445800 1.318803 0.545633 1.576866
1305031102.475800 1.296257 0.545415 1.560768
1305031102.515900 1.282298 0.547582 1.553321
1305031102.575900 1.263692 0.545193 1.542114
1305031102.615900 1.261140 0.538227 1.526414
1305031102.675900 1.250616 0.538952 1.516909
1305031102.715900 1.245503 0.539694 1.505655
1305031102.745800 1.237535 0.546565 1.494491
1305031102.775800 1.229734 0.546177 1.484165
1305031102.815900 1.220036 0.547517 1.474548
1305031102.845800 1.211244 0.544696 1.464925
1305031102.875800 1.200196 0.542859 1.448931
1305031102.915900 1.191537 0.528094 1.438747
1305031102.975900 1.185100 0.527984 1.428978
1305031103.015900 1.179018 0.527855 1.418831
1305031103.045800 1.169492 0.533844 1.410159
1305031103.075800 1.168177 0.534425 1.399764
1305031103.115800 1.164137 0.535759 1.390601
1305031103.145900 1.162154 0.535798 1.380915
1305031103.175800 1.159704 0.534822 1.362431
1305031103.245800 1.155737 0.529290 1.356246
1305031103.275800 1.144423 0.528130 1.353466
1305031103.315800 1.141382 0.535069 1.349421
1305031103.345900 1.140438 0.537826 1.348492
1305031103.375900 1.136717 0.537236 1.351279
1305031103.415800 1.136772 0.536420 1.354815
1305031103.445800 1.136809 0.538002 1.359481
1305031103.475900 1.136917 0.539139 1.366175
1305031103.516000 1.137707 0.539089 1.374913
1305031103.545800 1.143265 0.536376 1.384038
1305031103.575900 1.148408 0.534939 1.393523
1305031103.615900 1.153040 0.535601 1.403570
1305031103.645800 1.159267 0.538587 1.413466
1305031103.675800 1.166329 0.541111 1.423599
1305031103.715800 1.171279 0.543507 1.435554
1305031103.745800 1.181202 0.544103 1.446703
1305031103.775800 1.194236 0.543880 1.456739
1305031103.815900 1.208406 0.540025 1.465703
1305031103.845800 1.211922 0.538171 1.478896
1305031103.875800 1.206897 0.538052 1.496687
1305031103.915800 1.213780 0.539991 1.510204
1305031103.945800 1.220498 0.542864 1.522713
1305031103.975800 1.223485 0.548254 1.536649
1305031104.015800 1.230757 0.554243 1.549448
1305031104.045800 1.245741 0.559373 1.559772
1305031104.075900 1.252936 0.563402 1.571679
1305031104.115800 1.258670 0.561657 1.585630
1305031104.145800 1.268769 0.559175 1.597227
1305031104.175800 1.276534 0.558823 1.608826
1305031104.215900 1.284738 0.559064 1.619928
1305031104.245800 1.294305 0.560633 1.629887
1305031104.275900 1.303214 0.563040 1.639224
1305031104.315800 1.313356 0.566402 1.646939
1305031104.346000 1.322333 0.567329 1.655026
1305031104.375800 1.331114 0.563784 1.662355
1305031104.415800 1.340143 0.556677 1.669529
1305031104.445800 1.347957 0.548239 1.675804
1305031104.475800 1.350148 0.544207 1.684988
1305031104.515800 1.352210 0.546576 1.694481
1305031104.545800 1.354582 0.554634 1.704244
1305031104.575800 1.351893 0.562863 1.716980
1305031104.615900 1.357684 0.571023 1.729122
1305031104.645800 1.361382 0.577655 1.744429
1305031104.675900 1.363477 0.579608 1.760391
1305031104.715800 1.367687 0.587532 1.776068
1305031104.745800 1.374793 0.590756 1.786991
1305031104.775800 1.381429 0.595837 1.796709
1305031104.815800 1.391887 0.597408 1.799841
1305031104.845800 1.400893 0.591917 1.799561
1305031104.875800 1.406384 0.594280 1.798891
1305031104.915800 1.409358 0.595755 1.797772
1305031104.945800 1.413908 0.592035 1.789669
1305031104.975900 1.414352 0.594583 1.783416
1305031105.015800 1.411190 0.595090 1.777418
1305031105.045800 1.405330 0.595272 1.770649
1305031105.075800 1.395875 0.592697 1.763951
1305031105.115800 1.391420 0.586573 1.751608
1305031105.145800 1.385949 0.584041 1.738861
1305031105.175800 1.369648 0.579058 1.730944
1305031105.215900 1.357665 0.573741 1.719843
1305031105.245800 1.348332 0.570275 1.707864
1305031105.275800 1.335654 0.566109 1.696402
1305031105.315800 1.319747 0.566314 1.687343
1305031105.345800 1.304094 0.567762 1.677876
1305031105.375800 1.298936 0.567832 1.667062
1305031105.415800 1.286994 0.567834 1.656339
1305031105.445800 1.274558 0.566712 1.646174
1305031105.476100 1.266678 0.568277 1.634971
1305031105.515800 1.254069 0.569691 1.625109
1305031105.545900 1.244208 0.567604 1.614585
1305031105.575800 1.232051 0.569037 1.604455
1305031105.615800 1.215990 0.568561 1.585278
1305031105.645800 1.200805 0.575737 1.572561
1305031105.715800 1.193942 0.577588 1.560839
1305031105.745900 1.185180 0.581452 1.549279
1305031105.775800 1.174935 0.580696 1.537770
1305031105.815800 1.165859 0.582540 1.526796
1305031105.845800 1.161999 0.584727 1.513560
1305031105.875800 1.157093 0.584497 1.500432
1305031105.915900 1.151676 0.585139 1.487957
1305031105.945800 1.146551 0.585184 1.475675
1305031105.975800 1.139689 0.586828 1.464075
1305031106.015800 1.133369 0.585964 1.452556
1305031106.045800 1.126463 0.583780 1.442060
1305031106.075800 1.123934 0.580676 1.429872
1305031106.115800 1.117142 0.578278 1.419872
1305031106.145800 1.108461 0.577987 1.411352
1305031106.175800 1.100361 0.577122 1.403992
1305031106.215800 1.095129 0.575227 1.396422
1305031106.245800 1.095377 0.574382 1.387870
1305031106.275800 1.094605 0.573504 1.380797
1305031106.315800 1.097495 0.573638 1.372662
1305031106.345800 1.098903 0.579487 1.366349
1305031106.375800 1.090531 0.582132 1.366449
1305031106.415800 1.087249 0.578549 1.368479
1305031106.445800 1.087434 0.574441 1.372404
1305031106.475800 1.086998 0.572509 1.378657
1305031106.515900 1.090877 0.573385 1.385670
1305031106.545800 1.097176 0.574144 1.393901
1305031106.575800 1.105521 0.573001 1.402444
1305031106.615800 1.108158 0.573535 1.413406
1305031106.645800 1.116211 0.570063 1.424347
1305031106.675800 1.123437 0.568129 1.436137
1305031106.715800 1.129647 0.566439 1.448059
1305031106.745800 1.138057 0.568652 1.460283
1305031106.775800 1.150052 0.570339 1.471626
1305031106.815800 1.153972 0.571298 1.485674
1305031106.845800 1.156914 0.575424 1.501256
1305031106.876000 1.173519 0.576970 1.513735
1305031106.915800 1.181397 0.578051 1.528563
1305031106.945800 1.183312 0.579714 1.546005
1305031106.975800 1.199427 0.579557 1.559994
1305031107.015800 1.214416 0.577886 1.572237
1305031107.045800 1.215874 0.573211 1.589442
1305031107.075900 1.227816 0.573281 1.602712
1305031107.115800 1.242347 0.576396 1.613172
1305031107.145800 1.246489 0.578682 1.626302
1305031107.175800 1.247535 0.582020 1.640984
1305031107.215800 1.258193 0.583913 1.652349
1305031107.245800 1.265622 0.587203 1.663742
1305031107.275800 1.269288 0.589457 1.676574
1305031107.315800 1.271221 0.592613 1.690421
1305031107.345800 1.285219 0.598157 1.697393
1305031107.375800 1.294894 0.602118 1.703372
1305031107.415800 1.301689 0.605784 1.709630
1305031107.445800 1.308160 0.609550 1.712320
1305031107.475800 1.316614 0.611065 1.712086
1305031107.515800 1.321068 0.613633 1.710623
1305031107.545700 1.315295 0.615725 1.713649
1305031107.575800 1.319741 0.618479 1.710495
1305031107.615800 1.323021 0.621718 1.706153
1305031107.645800 1.319937 0.619869 1.704988
1305031107.675800 1.320554 0.618472 1.702255
1305031107.715700 1.323807 0.615032 1.697015
1305031107.745800 1.321291 0.614513 1.694343
1305031107.775800 1.320113 0.617084 1.691349
1305031107.815800 1.319748 0.622017 1.687997
1305031107.845900 1.314916 0.629401 1.686595
1305031107.875700 1.311586 0.633635 1.685944
1305031107.915800 1.308397 0.637533 1.685193
1305031107.945800 1.306790 0.644883 1.683957
1305031107.975800 1.306091 0.654837 1.681942
1305031108.015900 1.307716 0.667219 1.678385
1305031108.045800 1.306847 0.678860 1.675295
1305031108.075800 1.305168 0.687180 1.673383
1305031108.115800 1.306778 0.696783 1.669114
1305031108.145900 1.312053 0.709302 1.661906
1305031108.175800 1.311370 0.723820 1.658221
1305031108.215800 1.304276 0.740526 1.657289
1305031108.245800 1.305370 0.750049 1.653287
1305031108.275800 1.308231 0.757736 1.647862
1305031108.315700 1.308111 0.765290 1.642640
1305031108.345800 1.306019 0.772317 1.638650
1305031108.375800 1.303778 0.785299 1.635115
1305031108.415700 1.302742 0.801061 1.631485
1305031108.445900 1.298105 0.815775 1.630235
1305031108.475800 1.294427 0.835883 1.629447
1305031108.515800 1.295197 0.850665 1.627345
1305031108.545800 1.300394 0.859805 1.624096
1305031108.575900 1.302301 0.872707 1.620185
1305031108.615700 1.304131 0.881496 1.617157
1305031108.645700 1.307672 0.893399 1.611938
1305031108.675700 1.306203 0.903208 1.609830
1305031108.715800 1.303075 0.911803 1.609962
1305031108.745800 1.304445 0.918970 1.608174
1305031108.775800 1.304563 0.923248 1.608064
1305031108.815900 1.303285 0.925501 1.609877
1305031108.825700 1.304036 0.926337 1.611478
1305031108.835700 1.302735 0.929141 1.614669
1305031108.945800 1.302078 0.927434 1.619468
1305031108.955800 1.307164 0.921941 1.620435
1305031108.975800 1.310473 0.921780 1.619882
1305031109.015700 1.310231 0.916064 1.622797
1305031109.045800 1.314754 0.905257 1.621568
1305031109.075700 1.314473 0.898254 1.622071
1305031109.115700 1.311045 0.885757 1.625133
1305031109.145700 1.313534 0.874822 1.624611
1305031109.175700 1.314366 0.866352 1.624906
1305031109.215700 1.313811 0.854793 1.622857
1305031109.245700 1.314019 0.839727 1.620162
1305031109.275700 1.314260 0.822512 1.621310
1305031109.315700 1.320294 0.811161 1.617973
1305031109.345700 1.316973 0.800104 1.618384
1305031109.375700 1.317169 0.789820 1.618870
1305031109.415800 1.321153 0.779748 1.616167
1305031109.445700 1.317086 0.768223 1.618262
1305031109.475800 1.312269 0.754225 1.622215
1305031109.515800 1.309727 0.741083 1.626473
1305031109.545800 1.313624 0.729147 1.626883
1305031109.575700 1.315836 0.715558 1.627744
1305031109.615800 1.316620 0.704186 1.628686
1305031109.645700 1.319151 0.690403 1.628815
1305031109.675700 1.321544 0.677760 1.627491
1305031109.715700 1.321349 0.665895 1.626903
1305031109.745700 1.316903 0.655528 1.627038
1305031109.775800 1.316407 0.641719 1.626168
1305031109.815700 1.316719 0.626306 1.624218
1305031109.845700 1.315617 0.610500 1.622515
1305031109.875800 1.308204 0.594422 1.621962
1305031109.915800 1.310613 0.584973 1.618973
1305031109.945700 1.309898 0.571030 1.615867
1305031109.975800 1.305140 0.557553 1.614191
1305031110.015700 1.302160 0.545869 1.612381
1305031110.045700 1.299979 0.532059 1.610622
1305031110.075700 1.299448 0.516368 1.608570
1305031110.115700 1.288565 0.499226 1.609731
1305031110.145800 1.290506 0.489223 1.607977
1305031110.175700 1.289483 0.477284 1.606105
1305031110.215800 1.281488 0.461974 1.607484
1305031110.245700 1.278256 0.454141 1.607561
1305031110.275700 1.277644 0.441974 1.608054
1305031110.315700 1.281111 0.430016 1.607640
1305031110.345700 1.281462 0.418373 1.607117
1305031110.375700 1.286269 0.404955 1.606409
1305031110.415700 1.293679 0.395506 1.603017
1305031110.445700 1.287800 0.379732 1.603088
1305031110.475700 1.284632 0.364718 1.603893
1305031110.515700 1.289549 0.353942 1.601983
1305031110.545700 1.295204 0.345137 1.597924
1305031110.575700 1.287691 0.336967 1.597619
1305031110.615700 1.279712 0.324127 1.600239
1305031110.645700 1.287771 0.315461 1.598611
1305031110.675700 1.287693 0.309981 1.597147
1305031110.715700 1.283180 0.301483 1.598751
1305031110.745700 1.283955 0.296977 1.599240
1305031110.775800 1.285028 0.297138 1.598306
1305031110.815700 1.285032 0.290950 1.598218
1305031110.845700 1.282793 0.289510 1.599286
1305031110.875700 1.284523 0.291535 1.598080
1305031110.915800 1.283181 0.293955 1.597125
1305031110.945700 1.285460 0.305380 1.595045
1305031110.975700 1.283935 0.318053 1.592713
1305031111.015700 1.282475 0.322008 1.593304
1305031111.045800 1.287671 0.327749 1.591647
1305031111.075700 1.282479 0.336558 1.591964
1305031111.115700 1.279586 0.346882 1.591943
1305031111.145700 1.279837 0.362501 1.590961
1305031111.175700 1.283248 0.374259 1.590566
1305031111.215700 1.282154 0.378228 1.590821
1305031111.245800 1.275390 0.390691 1.593285
1305031111.275700 1.283668 0.402169 1.591896
1305031111.315700 1.292418 0.407652 1.587989
1305031111.345700 1.278203 0.422056 1.590870
1305031111.375700 1.278603 0.433468 1.591042
1305031111.415700 1.283025 0.451575 1.587611
1305031111.445700 1.274417 0.479864 1.587094
1305031111.476000 1.275643 0.492814 1.587497
1305031111.515700 1.274026 0.501469 1.589319
1305031111.545800 1.279812 0.513498 1.589650
1305031111.575800 1.286301 0.517202 1.589096
1305031111.615700 1.274102 0.530588 1.593338
1305031111.645700 1.278563 0.560996 1.592434
1305031111.675700 1.287395 0.578274 1.587928
1305031111.715700 1.280197 0.595568 1.589722
1305031111.745700 1.285734 0.617593 1.588392
1305031111.775700 1.285923 0.626855 1.588501
1305031111.815700 1.287683 0.635198 1.588569
1305031111.845800 1.293571 0.642964 1.586995
1305031111.875700 1.287681 0.644190 1.590001
1305031111.915700 1.286579 0.657114 1.590504
1305031111.945700 1.289896 0.685326 1.587146
1305031111.975800 1.291355 0.709281 1.584860
1305031112.015700 1.292317 0.722882 1.585236
1305031112.045800 1.295219 0.740949 1.584410
1305031112.075700 1.297124 0.750973 1.584475
1305031112.115700 1.299966 0.767618 1.583721
1305031112.145700 1.302440 0.788466 1.582217
1305031112.175700 1.297130 0.798926 1.584532
1305031112.215800 1.290893 0.811691 1.589677
1305031112.245700 1.291213 0.819830 1.591015
1305031112.275700 1.288564 0.828952 1.593557
1305031112.315700 1.289417 0.839062 1.593997
1305031112.345800 1.291647 0.849483 1.593585
1305031112.375700 1.294196 0.862634 1.592317
1305031112.415700 1.293579 0.876275 1.592567
1305031112.445700 1.294824 0.883513 1.592976
1305031112.475700 1.296075 0.892853 1.592951
1305031112.515700 1.296013 0.903640 1.593944
1305031112.545900 1.298185 0.911916 1.592922
1305031112.575700 1.303478 0.928369 1.589279
1305031112.615700 1.305147 0.939025 1.586883
1305031112.645800 1.303628 0.943365 1.586882
1305031112.675800 1.304056 0.945113 1.585648
1305031112.715700 1.309987 0.944955 1.579438
1305031112.745700 1.307873 0.945228 1.577770
1305031112.775700 1.306742 0.940399 1.576777
1305031112.815700 1.308537 0.934791 1.573370
1305031112.845700 1.308187 0.932737 1.571393
1305031112.875700 1.306265 0.926423 1.571555
1305031112.915700 1.303373 0.921333 1.572653
1305031112.945700 1.301958 0.917622 1.573867
1305031112.975700 1.305491 0.912111 1.572876
1305031113.015700 1.305168 0.904593 1.573836
1305031113.045800 1.300890 0.894384 1.577616
1305031113.075700 1.303002 0.884213 1.580000
1305031113.115700 1.305376 0.875432 1.580926
1305031113.145700 1.301402 0.862362 1.584591
1305031113.175700 1.300683 0.846998 1.587835
1305031113.215900 1.304866 0.836647 1.587841
1305031113.245700 1.300037 0.824586 1.590991
1305031113.275700 1.291030 0.805802 1.599227
1305031113.315700 1.295919 0.792474 1.599619
1305031113.345700 1.301046 0.780534 1.595118
1305031113.375700 1.290967 0.763243 1.600399
1305031113.415700 1.294213 0.748358 1.599371
1305031113.445700 1.298314 0.733214 1.595655
1305031113.475700 1.292916 0.716966 1.597133
1305031113.515700 1.288264 0.698680 1.598722
1305031113.545700 1.288339 0.684307 1.599043
1305031113.575700 1.289483 0.672114 1.598025
1305031113.615800 1.287176 0.661670 1.598799
1305031113.645700 1.284250 0.647247 1.600269
1305031113.675700 1.281751 0.635000 1.601514
1305031113.715700 1.281139 0.624115 1.602058
1305031113.745800 1.278649 0.607615 1.603825
1305031113.775700 1.278917 0.592022 1.604425
1305031113.815700 1.282266 0.580570 1.602148
1305031113.845700 1.273837 0.560926 1.605567
1305031113.875700 1.272908 0.548554 1.607371
1305031113.915700 1.273043 0.540795 1.605590
1305031113.945700 1.272604 0.525793 1.606148
1305031113.975700 1.274095 0.507470 1.606251
1305031114.015700 1.274692 0.483977 1.606626
1305031114.045700 1.272445 0.467249 1.607080
1305031114.075700 1.275663 0.453894 1.605173
1305031114.115700 1.276836 0.441188 1.602894
1305031114.145700 1.269334 0.432746 1.604666
1305031114.175700 1.277024 0.421207 1.600835
1305031114.215700 1.278780 0.402053 1.597326
1305031114.245600 1.274470 0.379374 1.598237
1305031114.275700 1.275866 0.366784 1.596158
1305031114.315700 1.273063 0.363174 1.594142
1305031114.345700 1.269471 0.356943 1.593646
1305031114.375700 1.268108 0.342647 1.593935
1305031114.415700 1.268956 0.325156 1.594346
1305031114.445600 1.266741 0.309448 1.594525
1305031114.475700 1.268751 0.300628 1.592467
1305031114.515700 1.266958 0.299351 1.591685
1305031114.545700 1.262894 0.294107 1.592754
1305031114.575600 1.265240 0.288172 1.591092
1305031114.615700 1.264235 0.279822 1.590089
1305031114.645600 1.258248 0.270621 1.591678
1305031114.675700 1.253356 0.271051 1.593294
1305031114.715700 1.250701 0.272937 1.593570
1305031114.745700 1.251068 0.273572 1.594702
1305031114.775700 1.256534 0.275751 1.592827
1305031114.815600 1.256242 0.276134 1.592474
1305031114.845700 1.259688 0.279587 1.591915
1305031114.875700 1.261893 0.283491 1.589396
1305031114.915700 1.264801 0.293485 1.585893
1305031114.945600 1.265643 0.300748 1.583229
1305031114.975700 1.269914 0.307796 1.579308
1305031115.015700 1.264599 0.320713 1.577063
1305031115.045700 1.265160 0.330489 1.574190
1305031115.075600 1.264559 0.347007 1.570946
1305031115.115700 1.259346 0.360842 1.569298
1305031115.145700 1.259920 0.365328 1.567639
1305031115.175600 1.250858 0.381622 1.567270
1305031115.215700 1.241946 0.398084 1.567636
1305031115.245700 1.250616 0.410081 1.561923
1305031115.275700 1.242783 0.432857 1.559480
1305031115.315600 1.241074 0.451523 1.557544
1305031115.345600 1.259683 0.448686 1.547985
1305031115.375700 1.254358 0.459899 1.544907
1305031115.415700 1.248619 0.484653 1.541518
1305031115.445700 1.249068 0.501758 1.537203
1305031115.475600 1.241381 0.530249 1.534549
1305031115.515600 1.237612 0.554481 1.532993
1305031115.545700 1.238484 0.567103 1.532746
1305031115.575700 1.238509 0.580005 1.532887
1305031115.615700 1.237559 0.596687 1.533939
1305031115.645700 1.238958 0.604568 1.535437
1305031115.675700 1.243615 0.626487 1.533366
1305031115.715700 1.244781 0.653735 1.532056
1305031115.745700 1.245594 0.669781 1.532705
1305031115.775700 1.251006 0.688006 1.531325
1305031115.815600 1.254936 0.704635 1.528828
1305031115.845700 1.249583 0.711810 1.532308
1305031115.875600 1.252772 0.728710 1.530273
1305031115.915600 1.258322 0.746738 1.525026
1305031115.945700 1.260760 0.760439 1.521415
1305031115.985700 1.263713 0.781361 1.516785
1305031116.015600 1.265550 0.796775 1.512838
1305031116.045700 1.268684 0.806224 1.508166
1305031116.075700 1.268800 0.820772 1.503489
1305031116.115700 1.265627 0.830637 1.500491
1305031116.145700 1.266245 0.840340 1.496812
1305031116.175700 1.266016 0.851886 1.494101
1305031116.215700 1.264057 0.866646 1.491927
1305031116.245700 1.266286 0.877289 1.490521
1305031116.275700 1.267154 0.886695 1.490504
1305031116.315600 1.264129 0.899022 1.490909
1305031116.345700 1.265825 0.904992 1.491049
1305031116.375700 1.271731 0.905031 1.491782
1305031116.415700 1.273767 0.907312 1.493584
1305031116.445600 1.272161 0.912624 1.495133
1305031116.475700 1.273926 0.910777 1.497042
1305031116.515700 1.275766 0.903248 1.498800
1305031116.545600 1.276523 0.893039 1.500980
1305031116.575700 1.274655 0.884504 1.503204
1305031116.615700 1.275259 0.871332 1.505251
1305031116.645700 1.275220 0.859208 1.507587
1305031116.675600 1.276194 0.844897 1.509602
1305031116.715700 1.276887 0.828595 1.511754
1305031116.745700 1.276366 0.813210 1.514217
1305031116.775700 1.273091 0.795720 1.517313
1305031116.815600 1.274009 0.773279 1.519558
1305031116.845600 1.275046 0.755478 1.521299
1305031116.875700 1.272716 0.734864 1.523269
1305031116.915700 1.276039 0.717452 1.522526
1305031116.945600 1.275187 0.699075 1.522585
1305031116.975600 1.275588 0.678915 1.523161
1305031117.015700 1.279681 0.663982 1.521276
1305031117.045700 1.281774 0.649720 1.519531
1305031117.075700 1.281217 0.630923 1.519142
1305031117.115900 1.284615 0.621149 1.516194
1305031117.145700 1.285731 0.613539 1.513556
1305031117.175600 1.284805 0.608158 1.511361
1305031117.215700 1.288257 0.607701 1.507497
1305031117.245600 1.285271 0.607879 1.506426
1305031117.275600 1.281064 0.601647 1.507711
1305031117.315600 1.276139 0.598172 1.510082
1305031117.345700 1.272298 0.596257 1.512924
1305031117.375700 1.268142 0.593470 1.517090
1305031117.415600 1.266457 0.594881 1.520479
1305031117.445600 1.263247 0.594630 1.524884
1305031117.475700 1.256718 0.594854 1.530829
1305031117.515600 1.254431 0.593942 1.535312
1305031117.545600 1.251931 0.593449 1.539587
1305031117.575700 1.247497 0.592362 1.543685
1305031117.615700 1.239807 0.591883 1.548228
1305031117.645700 1.235658 0.590960 1.551535
1305031117.675600 1.225730 0.592152 1.556220
1305031117.715600 1.215702 0.593152 1.561244
1305031117.745700 1.209703 0.593470 1.564588
1305031117.775700 1.198149 0.596780 1.569382
1305031117.815600 1.185229 0.602717 1.574777
1305031117.845700 1.179126 0.605027 1.578393
1305031117.875700 1.167420 0.603298 1.584296
1305031117.915600 1.159301 0.604508 1.588015
1305031117.945600 1.153257 0.602682 1.590476
1305031117.975600 1.138417 0.603038 1.595876
1305031118.015700 1.125943 0.603741 1.600861
1305031118.045700 1.117335 0.607213 1.604053
1305031118.075700 1.105124 0.611870 1.608497
1305031118.115600 1.095863 0.609643 1.613002
1305031118.145700 1.084979 0.608785 1.618295
1305031118.175600 1.071204 0.605256 1.625921
1305031118.215600 1.063317 0.604562 1.630683
1305031118.245600 1.052138 0.607324 1.636241
1305031118.275700 1.042566 0.606999 1.641765
1305031118.315600 1.039195 0.612987 1.643600
1305031118.345700 1.032496 0.610879 1.647255
1305031118.375600 1.031516 0.606578 1.648349
1305031118.415600 1.029441 0.611548 1.647471
1305031118.445700 1.025278 0.611031 1.647934
1305031118.475700 1.025010 0.615267 1.646612
1305031118.515600 1.031569 0.617792 1.640901
1305031118.545600 1.032053 0.619798 1.638313
1305031118.575600 1.034902 0.621553 1.635113
1305031118.615600 1.042519 0.619426 1.630592
1305031118.645600 1.048163 0.618270 1.626079
1305031118.675600 1.049585 0.614928 1.624359
1305031118.715600 1.056490 0.607962 1.622330
1305031118.745600 1.074879 0.611136 1.611760
1305031118.775600 1.076714 0.614915 1.609153
1305031118.815600 1.079245 0.615341 1.609646
1305031118.845600 1.103671 0.619943 1.597939
1305031118.875600 1.112645 0.617945 1.593988
1305031118.915600 1.123866 0.617068 1.590027
1305031118.945600 1.141391 0.614590 1.583105
1305031118.975600 1.153617 0.610681 1.578525
1305031119.015700 1.161954 0.607519 1.575792
1305031119.045600 1.172553 0.602788 1.572684
1305031119.075700 1.183249 0.601172 1.569265
1305031119.115600 1.196620 0.599583 1.564557
1305031119.145700 1.203862 0.599272 1.562510
1305031119.175700 1.214933 0.600240 1.558436
1305031119.215600 1.228820 0.599240 1.552928
1305031119.245700 1.239983 0.599519 1.548292
1305031119.275600 1.249155 0.596839 1.544502
1305031119.315600 1.257184 0.594434 1.541107
1305031119.345700 1.271045 0.594933 1.533720
1305031119.375600 1.280646 0.598299 1.527611
1305031119.415600 1.289047 0.599044 1.522150
1305031119.445600 1.298867 0.597042 1.516751
1305031119.475600 1.311648 0.593465 1.510109
1305031119.515700 1.321227 0.592064 1.503841
1305031119.545600 1.334248 0.593071 1.494808
1305031119.575600 1.341361 0.590798 1.489333
1305031119.615600 1.352315 0.588254 1.481835
1305031119.645600 1.362586 0.591320 1.472666
1305031119.675600 1.368200 0.587945 1.466726
1305031119.715700 1.371993 0.582029 1.462959
1305031119.745700 1.378274 0.580270 1.456796
1305031119.775600 1.384716 0.580268 1.450587
1305031119.815600 1.391744 0.582571 1.443675
1305031119.845600 1.392953 0.583854 1.440442
1305031119.875700 1.405139 0.582113 1.433180
1305031119.915500 1.411823 0.582669 1.427355
1305031119.945600 1.414008 0.583771 1.425242
1305031119.975600 1.425603 0.580585 1.418246
1305031120.015600 1.422469 0.578191 1.418095
1305031120.045600 1.420234 0.574978 1.418494
1305031120.075600 1.424313 0.574919 1.416078
1305031120.115600 1.420620 0.577052 1.416302
1305031120.145600 1.414023 0.578489 1.419781
1305031120.175600 1.407638 0.578623 1.424032
1305031120.215600 1.406788 0.579708 1.426401
1305031120.245600 1.401127 0.580136 1.430795
1305031120.275700 1.393915 0.581104 1.435594
1305031120.315600 1.386925 0.581727 1.439997
1305031120.345600 1.376633 0.582290 1.445436
1305031120.375600 1.359338 0.584617 1.453308
1305031120.415600 1.355324 0.585292 1.456440
1305031120.445600 1.344555 0.586148 1.460192
1305031120.475600 1.331107 0.584979 1.466665
1305031120.515600 1.324052 0.584384 1.470206
1305031120.545600 1.319132 0.583732 1.472174
1305031120.575600 1.308195 0.586899 1.476133
1305031120.615600 1.299289 0.589506 1.479754
1305031120.645600 1.293663 0.591854 1.481600
1305031120.675700 1.284874 0.592845 1.485589
1305031120.715600 1.275765 0.591571 1.490174
1305031120.745700 1.264020 0.595318 1.495478
1305031120.775600 1.258314 0.597159 1.498748
1305031120.815600 1.251498 0.597760 1.502103
1305031120.845600 1.237899 0.601965 1.509800
1305031120.885600 1.234061 0.601813 1.512888
1305031120.915600 1.225396 0.600778 1.518398
1305031120.945700 1.216052 0.600875 1.524266
1305031120.985600 1.205735 0.601055 1.531592
1305031121.015600 1.201036 0.602205 1.535552
1305031121.045600 1.188553 0.599952 1.544184
1305031121.085600 1.181397 0.600031 1.550357
1305031121.115600 1.174722 0.600540 1.555497
1305031121.145600 1.166472 0.599869 1.562193
1305031121.185600 1.156916 0.604301 1.568253
1305031121.215600 1.152187 0.602678 1.572197
1305031121.245600 1.142571 0.601533 1.578779
1305031121.285600 1.129799 0.604818 1.586477
1305031121.315600 1.124477 0.601608 1.591196
1305031121.345600 1.112234 0.605739 1.597887
1305031121.385600 1.103873 0.607187 1.603762
1305031121.415600 1.099814 0.607725 1.606993
1305031121.445600 1.086084 0.612582 1.614497
1305031121.485600 1.082281 0.608456 1.619536
1305031121.515600 1.079806 0.609046 1.621599
1305031121.545600 1.068719 0.610895 1.627062
1305031121.585600 1.059382 0.612717 1.633243
1305031121.615600 1.054896 0.617909 1.635951
1305031121.645600 1.049816 0.613138 1.639636
1305031121.685600 1.041322 0.608711 1.645540
1305031121.715600 1.040062 0.608925 1.645676
1305031121.745700 1.031088 0.610017 1.649425
1305031121.785600 1.026814 0.614291 1.650390
1305031121.815600 1.023562 0.613696 1.651265
1305031121.845700 1.020730 0.611765 1.652523
1305031121.885600 1.020001 0.610853 1.652712
1305031121.915600 1.017917 0.612433 1.651918
1305031121.945600 1.021788 0.616173 1.648776
1305031121.985600 1.024853 0.613224 1.647117
1305031122.015600 1.029452 0.611492 1.644652
1305031122.045600 1.035629 0.612385 1.640437
1305031122.085800 1.045150 0.611039 1.635323
1305031122.115600 1.054220 0.611615 1.629215
1305031122.155600 1.062902 0.612320 1.623910
1305031122.185600 1.082276 0.610684 1.612457
1305031122.215600 1.087186 0.607551 1.608184
1305031122.255600 1.097140 0.603686 1.602770
1305031122.285600 1.115544 0.602085 1.591580
1305031122.315600 1.121317 0.600332 1.587306
1305031122.355600 1.131716 0.597414 1.582096
1305031122.385500 1.138014 0.593051 1.579682
1305031122.415600 1.149362 0.592037 1.575178
1305031122.455500 1.159577 0.591910 1.570580
1305031122.485600 1.168737 0.593644 1.566384
1305031122.515600 1.179859 0.597027 1.560851
1305031122.555500 1.189005 0.596309 1.556460
1305031122.585600 1.196644 0.590565 1.554318
1305031122.615700 1.207126 0.590169 1.550069
1305031122.645600 1.218545 0.588910 1.544771
1305031122.685600 1.228664 0.585657 1.540174
1305031122.715600 1.241976 0.588395 1.531969
1305031122.755600 1.256638 0.588974 1.522622
1305031122.785600 1.263362 0.589963 1.516557
1305031122.815600 1.268580 0.593871 1.510952
1305031122.855600 1.278616 0.591962 1.504938
1305031122.885600 1.283086 0.586171 1.502477
1305031122.915600 1.288258 0.584819 1.498963
1305031122.955600 1.298160 0.581921 1.493817
1305031122.985600 1.302683 0.582756 1.489885
1305031123.015500 1.307160 0.584170 1.486692
1305031123.055700 1.319025 0.582713 1.480496
1305031123.085600 1.329449 0.584049 1.473101
1305031123.115600 1.334853 0.583645 1.468357
1305031123.155500 1.343512 0.586610 1.460700
1305031123.185500 1.351896 0.589579 1.452333
1305031123.215500 1.363062 0.586720 1.443400
1305031123.255500 1.367456 0.586955 1.436405
1305031123.285600 1.370409 0.589650 1.430178
1305031123.315600 1.375884 0.589751 1.423557
1305031123.345600 1.381274 0.591337 1.417418
1305031123.385600 1.383315 0.592599 1.412969
1305031123.415600 1.390712 0.591231 1.407795
1305031123.455500 1.398438 0.592253 1.400877
1305031123.485600 1.401530 0.593635 1.396268
1305031123.515500 1.406976 0.593938 1.391936
1305031123.555600 1.411543 0.595387 1.386766
1305031123.575500 1.418733 0.598027 1.381134
1305031123.615500 1.424345 0.599661 1.375362
1305031123.655600 1.428491 0.601692 1.370859
1305031123.685600 1.432805 0.602582 1.366942
1305031123.715500 1.432876 0.602443 1.364911
1305031123.755500 1.434297 0.602691 1.363530
1305031123.785600 1.435842 0.603046 1.362642
1305031123.815500 1.435536 0.603621 1.363346
1305031123.855500 1.433121 0.603328 1.364283
1305031123.885500 1.431157 0.603314 1.366727
1305031123.915500 1.432731 0.603501 1.367920
1305031123.955600 1.424824 0.601956 1.370277
1305031123.985600 1.415825 0.601751 1.374616
1305031124.015500 1.414148 0.601710 1.378066
1305031124.055500 1.406165 0.600768 1.381900
1305031124.085500 1.392954 0.601973 1.387587
1305031124.115500 1.392123 0.603352 1.390127
1305031124.145600 1.381578 0.603090 1.395450
1305031124.185500 1.369327 0.604635 1.400856
1305031124.215500 1.367044 0.603983 1.405140
1305031124.245500 1.360396 0.601912 1.409977
1305031124.285500 1.345060 0.603845 1.417929
1305031124.315500 1.340338 0.604771 1.422315
1305031124.345500 1.331985 0.605996 1.427765
1305031124.385600 1.321634 0.607311 1.435250
1305031124.415500 1.312686 0.608707 1.442449
1305031124.445600 1.304712 0.608154 1.449527
1305031124.475600 1.298679 0.607809 1.455724
1305031124.515500 1.292114 0.607909 1.461119
1305031124.545500 1.281958 0.607163 1.468638
1305031124.575500 1.271016 0.608144 1.476145
1305031124.615500 1.263574 0.608414 1.481616
1305031124.655600 1.250703 0.610822 1.489231
1305031124.675600 1.242381 0.612585 1.494730
1305031124.715500 1.231931 0.612065 1.501428
1305031124.745500 1.219675 0.611713 1.508513
1305031124.775500 1.211294 0.612493 1.512814
1305031124.815500 1.198888 0.612182 1.518594
1305031124.855500 1.183455 0.617409 1.524532
1305031124.875600 1.175800 0.618507 1.527201
1305031124.915600 1.165567 0.618037 1.530124
1305031124.955600 1.143471 0.617213 1.540964
1305031124.975800 1.132030 0.613835 1.547827
1305031125.015500 1.127564 0.618159 1.547611
1305031125.055500 1.116463 0.620177 1.551179
1305031125.075500 1.103152 0.618968 1.558625
1305031125.115500 1.093653 0.621893 1.562992
1305031125.155600 1.092822 0.622309 1.562454
1305031125.175600 1.081469 0.620407 1.568127
1305031125.215500 1.067004 0.617582 1.577475
1305031125.255500 1.063545 0.616941 1.580418
1305031125.275600 1.053429 0.619477 1.584949
1305031125.315500 1.047177 0.616778 1.589923
1305031125.346200 1.043701 0.621691 1.589223
1305031125.375600 1.037246 0.622835 1.592045
1305031125.415600 1.032311 0.620333 1.594183
1305031125.455600 1.020686 0.619931 1.600595
1305031125.475600 1.021038 0.620363 1.600198
1305031125.515600 1.018451 0.621114 1.601253
1305031125.555500 1.016475 0.622378 1.601671
1305031125.575500 1.010134 0.620227 1.606750
1305031125.615600 1.006898 0.615526 1.613280
1305031125.655600 1.018213 0.612274 1.610862
1305031125.675600 1.018669 0.614557 1.611255
1305031125.715500 1.028859 0.620031 1.607391
1305031125.755500 1.038547 0.621677 1.602426
1305031125.775500 1.047358 0.623456 1.598146
1305031125.815500 1.054902 0.623381 1.593959
1305031125.845500 1.062620 0.618503 1.591627
1305031125.875500 1.075592 0.614527 1.585173
1305031125.915500 1.079210 0.609836 1.583888
1305031125.945700 1.089414 0.611764 1.577492
1305031125.975500 1.100938 0.615712 1.568402
1305031126.015500 1.110830 0.622342 1.559253
1305031126.045500 1.120636 0.624722 1.550497
1305031126.075600 1.127038 0.623949 1.544226
1305031126.115500 1.138425 0.624063 1.535111
1305031126.145500 1.150473 0.622796 1.525373
1305031126.175500 1.154802 0.624878 1.518972
1305031126.215500 1.166907 0.626328 1.509704
1305031126.245500 1.176532 0.626500 1.501906
1305031126.275500 1.187917 0.627349 1.492429
1305031126.315500 1.195171 0.625989 1.486678
1305031126.345600 1.204378 0.623839 1.480562
1305031126.375700 1.214480 0.622428 1.473720
1305031126.415500 1.219907 0.620749 1.470074
1305031126.445500 1.227979 0.618017 1.465705
1305031126.475600 1.240793 0.617827 1.457983
1305031126.515500 1.247336 0.621317 1.450890
1305031126.545900 1.253263 0.622901 1.445766
1305031126.575600 1.259918 0.622712 1.440684
1305031126.615500 1.260728 0.624298 1.438488
1305031126.645500 1.265902 0.624690 1.435585
1305031126.675600 1.271713 0.626759 1.432105
1305031126.715500 1.271800 0.627823 1.432006
1305031126.745600 1.278282 0.629067 1.429546
1305031126.775500 1.281665 0.634009 1.427273
1305031126.815600 1.286065 0.635238 1.426000
1305031126.845500 1.288281 0.636246 1.425614
1305031126.876000 1.289393 0.638275 1.425421
1305031126.915500 1.292211 0.637219 1.425289
1305031126.945500 1.290040 0.638072 1.427153
1305031126.975600 1.289430 0.638852 1.428918
1305031127.015600 1.291360 0.639236 1.428461
1305031127.045500 1.290877 0.638869 1.428777
1305031127.075500 1.288395 0.637535 1.430441
1305031127.115500 1.284931 0.637175 1.432116
1305031127.145500 1.285373 0.636987 1.432306
1305031127.175600 1.283108 0.637538 1.433027
1305031127.215500 1.278150 0.637923 1.434919
1305031127.245500 1.279057 0.636662 1.435289
1305031127.275500 1.275680 0.635274 1.436185
1305031127.315500 1.268289 0.635155 1.438944
1305031127.345600 1.268963 0.634711 1.439214
1305031127.375500 1.266603 0.634152 1.439927
1305031127.415400 1.259927 0.634212 1.442383
1305031127.445500 1.262129 0.633064 1.441091
1305031127.475500 1.260880 0.631976 1.440475
1305031127.515500 1.254502 0.632408 1.442183
1305031127.545500 1.254806 0.631180 1.442271
1305031127.575500 1.255479 0.630418 1.441334
1305031127.615400 1.250515 0.630671 1.442686
1305031127.645700 1.249603 0.630052 1.443386
1305031127.675500 1.252694 0.630160 1.442027
1305031127.715500 1.249499 0.630540 1.442748
1305031127.745500 1.245958 0.631619 1.444751
1305031127.775500 1.248197 0.631721 1.444714
1305031127.815500 1.247936 0.631034 1.444802
1305031127.845600 1.247578 0.629473 1.445293
1305031127.875500 1.248036 0.627667 1.444484
1305031127.915500 1.248774 0.626238 1.444439
1305031127.945500 1.246719 0.626086 1.443520
1305031127.975500 1.246159 0.626718 1.441818
1305031128.015400 1.241349 0.627449 1.441457
1305031128.045500 1.237156 0.627516 1.441956
1305031128.075600 1.236307 0.627948 1.441974
1305031128.115500 1.235209 0.628005 1.441306
1305031128.145500 1.229891 0.630228 1.442395
1305031128.175500 1.232659 0.629090 1.441871
1305031128.215500 1.233414 0.629045 1.441375
1305031128.245500 1.229825 0.629695 1.442332
1305031128.275500 1.231867 0.629423 1.442198
1305031128.315500 1.232487 0.628476 1.442242
1305031128.345500 1.230686 0.628004 1.443066
1305031128.375500 1.230534 0.627419 1.443795
1305031128.415400 1.231194 0.626415 1.443903
1305031128.445400 1.230172 0.625983 1.444416
1305031128.475500 1.229811 0.627753 1.444386
1305031128.515600 1.229480 0.627674 1.444787
1305031128.545500 1.226857 0.627831 1.446673
1305031128.575500 1.226976 0.626628 1.447832
1305031128.615500 1.227997 0.625989 1.447653
1305031128.645500 1.226886 0.626303 1.448042
1305031128.675500 1.227199 0.627594 1.448416
1305031128.715500 1.228030 0.628556 1.448387