1305031103.695930
1305031104.015842
1305031104.396378
1305031104.481279
1305031104.695835
1305031104.835871
1305031104.895832
1305031104.981866
1305031105.105796
1305031105.295838
1305031105.395807
1305031105.435782
1305031105.582680
1305031105.695830
1305031105.777354
1305031105.995932
1305031106.282416
1305031106.365837
1305031106.495834
1305031106.582783
1305031106.695836
1305031106.865824
1305031106.875982
1305031107.075895
1305031107.095792
1305031107.275794
1305031107.395764
1305031107.495757
1305031107.555769
1305031107.585766
1305031107.775756
1305031107.795834
1305031107.895824
1305031108.095761
1305031108.175751
1305031108.275841
1305031108.286245
1305031108.295783
1305031108.486466
1305031108.615737
1305031108.765747
1305031109.127408
1305031109.245721
1305031109.345736
1305031109.385731
1305031109.487471
1305031109.735761
1305031109.875769
1305031109.975759
1305031109.988271
1305031110.205748
1305031110.375684
1305031110.415740
1305031110.495726
1305031110.615700
1305031110.689179
1305031110.875691
1305031111.045769
1305031111.175708
1305031111.245757
1305031111.355712
1305031111.476007
1305031111.605709
1305031111.695722
1305031111.875729
1305031111.975750
1305031112.075697
1305031112.185315
1305031112.245703
1305031112.345795
1305031112.385745
1305031112.545855
1305031112.695706
1305031112.945668
1305031113.345734
1305031113.705640
1305031113.875694
1305031113.945668
1305031114.175653
1305031114.225681
1305031114.375721
1305031114.445647
1305031114.565710
1305031114.635674
1305031114.695671
1305031114.805715
1305031114.885653
1305031114.994631
1305031115.105657
1305031115.205677
1305031115.345619
1305031115.465646
1305031115.545665
1305031115.675651
1305031115.745734
1305031115.805611
1305031115.945697
1305031116.096016
1305031116.335644
1305031116.475652
1305031116.545634
1305031116.625670
1305031116.775727
1305031116.925700
1305031117.035718
1305031117.165661
1305031117.215684
1305031117.435626
1305031117.545630
1305031117.597648
1305031117.745665
1305031117.797855
1305031117.893135
1305031117.993243
1305031118.145681
1305031118.198607
1305031118.335651
1305031118.445677
1305031118.515597
1305031118.575606
1305031118.715630
1305031118.835622
1305031118.899269
1305031118.925657
1305031119.125695
1305031119.235691
1305031119.305682
1305031119.399913
1305031119.500030
1305031119.585648
1305031119.675630
1305031119.785623
1305031119.800367
1305031119.900484
1305031119.985747
1305031120.085625
1305031120.100701
1305031120.285581
1305031120.315576
1305031120.435622
1305031120.596888
1305031120.697018
1305031120.855591
1305031120.901611
1305031121.015566
1305031121.097404
1305031121.235601
1305031121.297555
1305031121.402414
1305031121.455556
1305031121.515618
1305031121.715564
1305031121.755555
1305031121.855600
1305031121.945649
1305031122.075598
1305031122.185630
1305031122.235585
1305031122.295559
1305031122.399213
1305031122.485574
1305031122.545533
1305031122.645565
1305031122.703645
1305031122.845567
1305031122.885640
1305031122.925527
1305031123.015542
1305031123.065560
1305031123.155547
1305031123.255523
1305031123.355543
1305031123.395560
1305031123.555588
1305031123.615514
1305031123.695533
1305031123.785583
1305031123.855522
1305031123.905139
1305031124.005249
1305031124.135765
1305031124.255512
1305031124.305546
1305031124.505559
1305031124.655554
1305031124.706040
1305031124.755539
1305031124.855516
1305031124.935535
1305031125.005589
1305031125.065510
1305031125.102470
1305031125.175558
1305031125.255483
1305031125.306716
1305031125.406952
1305031125.445525
1305031125.515562
1305031125.585504
1305031125.595559
1305031125.745537
1305031125.825508
1305031125.875545
1305031125.935518
1305031125.975514
1305031126.105886
1305031126.185531
1305031126.285519
1305031126.385504
1305031126.425556
1305031126.475560
1305031126.545896
1305031126.625525
1305031126.735548
1305031126.855463
1305031127.025483
1305031127.185507
1305031127.275550
1305031127.355456
1305031127.485490
1305031127.585516
1305031127.685494
1305031127.805654
1305031127.885479
1305031127.995466
1305031128.055460
1305031128.115483
1305031128.285532
1305031128.410420
1305031128.510556
1305031128.610689
1305031128.706756
1305031128.811125
1305031128.821125
