1305031103.695930 -3.434382 5.389184 -1.792553 0.075532 -0.281500 0.393104 0.872079
1305031104.015842 -3.399930 5.356807 -1.834257 0.088650 -0.269006 0.405882 0.868928
1305031104.396378 -3.331091 5.276998 -1.926895 0.109514 -0.266376 0.402176 0.869083
1305031104.481279 -3.266140 5.170484 -2.004908 0.112298 -0.301816 0.443400 0.836477
1305031104.695835 -3.242495 5.148497 -2.008231 0.109245 -0.307324 0.446551 0.833192
1305031104.835871 -3.236269 5.145111 -2.013891 0.109366 -0.304653 0.446581 0.834141
1305031104.895832 -3.232772 5.133196 -2.029961 0.111969 -0.300125 0.452707 0.832133
1305031104.981866 -3.204575 5.314582 -2.120538 0.159181 -0.342237 0.406040 0.832266
1305031105.105796 -3.206495 5.308470 -2.116513 0.157016 -0.342360 0.409013 0.831171
1305031105.295838 -3.220989 5.321261 -2.099907 0.154010 -0.344302 0.393154 0.838551
1305031105.395807 -3.222694 5.332276 -2.092556 0.153167 -0.345586 0.386575 0.841231
1305031105.435782 -3.235936 5.338964 -2.064384 0.154453 -0.346313 0.369496 0.848342
1305031105.582680 -3.188493 5.551696 -2.145530 0.172932 -0.342193 0.257832 0.886860
1305031105.695830 -3.224468 5.594313 -2.098835 0.166799 -0.334964 0.234786 0.897136
1305031105.777354 -3.239563 5.612249 -2.080162 0.162119 -0.333509 0.231817 0.899305
1305031105.995932 -3.280787 5.642293 -2.050831 0.158690 -0.339257 0.232586 0.897567
1305031106.282416 -3.338319 5.666129 -1.992113 0.140657 -0.357746 0.238014 0.891954
1305031106.365837 -3.348199 5.669927 -1.983544 0.137328 -0.359566 0.235318 0.892456
1305031106.495834 -3.406416 5.692177 -1.906513 0.112648 -0.355840 0.206146 0.904540
1305031106.582783 -3.397264 5.706499 -1.910190 0.118138 -0.370711 0.181786 0.903089
1305031106.695836 -3.385676 5.703636 -1.921474 0.123164 -0.363675 0.184348 0.904758
1305031106.865824 -3.351199 5.685170 -1.951230 0.133454 -0.356255 0.186511 0.905807
1305031106.875982 -3.324281 5.671663 -1.981833 0.138400 -0.338989 0.183573 0.912268
1305031107.075895 -3.304849 5.663697 -2.004868 0.141494 -0.331844 0.180040 0.915120
1305031107.095792 -3.240827 5.621103 -2.079920 0.167346 -0.339341 0.195986 0.904673
1305031107.275794 -3.227353 5.616767 -2.090211 0.169484 -0.340221 0.199748 0.903120
1305031107.395764 -3.189378 5.587059 -2.146026 0.178095 -0.342664 0.218771 0.896104
1305031107.495757 -3.182055 5.585352 -2.156874 0.178976 -0.344699 0.223217 0.894050
1305031107.555769 -3.166181 5.567816 -2.184783 0.186499 -0.350464 0.250314 0.883027
1305031107.585766 -3.162704 5.557224 -2.201855 0.187819 -0.359146 0.266161 0.874583
1305031107.775756 -3.166140 5.551055 -2.205582 0.184012 -0.363823 0.268207 0.872833
1305031107.795834 -3.165848 5.557811 -2.207427 0.180673 -0.365290 0.267855 0.873026
1305031107.895824 -3.177892 5.550702 -2.194583 0.174166 -0.365875 0.261179 0.876120
1305031108.095761 -3.187514 5.557368 -2.197844 0.175999 -0.365157 0.253444 0.878323
1305031108.175751 -3.189939 5.558931 -2.198195 0.177525 -0.368520 0.253841 0.876494
1305031108.275841 -3.245742 5.573448 -2.233495 0.168965 -0.394860 0.276347 0.859749
1305031108.286245 -3.255774 5.569909 -2.237658 0.164711 -0.397066 0.277651 0.859138
1305031108.295783 -3.275801 5.589646 -2.250942 0.163216 -0.402916 0.269600 0.859264
1305031108.486466 -3.284804 5.586135 -2.253226 0.162321 -0.407211 0.271798 0.856713
1305031108.615737 -3.291898 5.585316 -2.255129 0.159504 -0.409573 0.269558 0.856824
1305031108.765747 -3.309985 5.589638 -2.261706 0.150207 -0.406545 0.262205 0.862211
1305031109.127408 -3.399266 5.573175 -2.280528 0.119825 -0.444717 0.283805 0.841025
1305031109.245721 -3.378936 5.562256 -2.279094 0.117242 -0.427135 0.291302 0.847911
1305031109.345736 -3.349335 5.547904 -2.244007 0.115180 -0.415052 0.279202 0.858203
1305031109.385731 -3.321732 5.554538 -2.219679 0.114049 -0.406267 0.275967 0.863587
1305031109.487471 -3.306869 5.553686 -2.201122 0.118326 -0.391650 0.267679 0.872329
1305031109.735761 -3.284171 5.546640 -2.175534 0.130818 -0.382384 0.255428 0.878309
1305031109.875769 -3.217793 5.526905 -2.115153 0.140237 -0.375581 0.248166 0.881865
1305031109.975759 -3.187651 5.525397 -2.075151 0.139558 -0.370659 0.233664 0.887996
1305031109.988271 -3.165959 5.522161 -2.040718 0.150729 -0.363770 0.222059 0.891988
1305031110.205748 -3.158063 5.524929 -2.027209 0.153979 -0.364321 0.215498 0.892817
1305031110.375684 -3.116393 5.522605 -1.960949 0.175833 -0.362754 0.189773 0.895253
1305031110.415740 -3.081427 5.521849 -1.919660 0.184117 -0.346550 0.184826 0.901023
1305031110.495726 -3.073602 5.520589 -1.911022 0.188684 -0.342294 0.183334 0.902010
1305031110.615700 -3.051849 5.513492 -1.883345 0.201242 -0.329251 0.169430 0.906857
1305031110.689179 -3.036325 5.502728 -1.857052 0.214885 -0.314844 0.156424 0.911169
1305031110.875691 -3.023568 5.499337 -1.835082 0.223687 -0.309762 0.150197 0.911840
1305031111.045769 -3.013417 5.499772 -1.816508 0.229008 -0.305048 0.140711 0.913620
1305031111.175708 -3.034875 5.502225 -1.822915 0.228825 -0.304305 0.140390 0.913963
1305031111.245757 -3.055011 5.509189 -1.846262 0.218032 -0.314068 0.145172 0.912550
1305031111.355712 -3.068178 5.510059 -1.863731 0.213698 -0.324054 0.152845 0.908824
1305031111.476007 -3.085583 5.512977 -1.889779 0.209345 -0.331391 0.160138 0.905931
1305031111.605709 -3.116887 5.523067 -1.917093 0.214101 -0.321341 0.163078 0.907913
1305031111.695722 -3.151343 5.530312 -1.959603 0.205292 -0.347506 0.186411 0.895738
1305031111.875729 -3.180772 5.536476 -1.991269 0.187411 -0.350065 0.203678 0.894901
1305031111.975750 -3.225321 5.546966 -2.041150 0.167696 -0.398490 0.230855 0.871659
1305031112.075697 -3.243881 5.553032 -2.060130 0.151677 -0.397860 0.240388 0.872305
1305031112.185315 -3.282736 5.556228 -2.095814 0.146120 -0.406096 0.251946 0.866174
1305031112.245703 -3.292359 5.557831 -2.105710 0.144136 -0.415622 0.255407 0.860959
1305031112.345795 -3.319618 5.555521 -2.131415 0.151013 -0.440756 0.257299 0.846597
1305031112.385745 -3.342734 5.572529 -2.181537 0.156851 -0.461912 0.265910 0.831461
1305031112.545855 -3.349133 5.571884 -2.189449 0.158205 -0.460739 0.273115 0.829517
1305031112.695706 -3.384102 5.573935 -2.231761 0.139463 -0.440334 0.296831 0.835792
1305031112.945668 -3.417556 5.570804 -2.275909 0.115336 -0.432470 0.308102 0.839489
1305031113.345734 -3.420667 5.548783 -2.244653 0.103059 -0.435546 0.300965 0.842080
1305031113.705640 -3.247242 5.540565 -1.985998 0.076565 -0.455150 0.328155 0.824191
1305031113.875694 -3.370296 5.718954 -1.785556 0.135770 -0.404589 0.304826 0.851443
1305031113.945668 -3.332722 5.720276 -1.730322 0.150616 -0.417721 0.300426 0.844138
1305031114.175653 -3.314871 5.725720 -1.708471 0.155790 -0.418215 0.300946 0.842768
1305031114.225681 -3.257914 5.725870 -1.621164 0.184981 -0.413081 0.304235 0.838205
1305031114.375721 -3.246154 5.722326 -1.598550 0.192453 -0.411812 0.306426 0.836346
1305031114.445647 -3.221982 5.729352 -1.556499 0.204412 -0.395188 0.295478 0.845420
1305031114.565710 -3.210067 5.732115 -1.538396 0.212972 -0.394486 0.292095 0.844810
1305031114.635674 -3.194833 5.737200 -1.509969 0.222163 -0.374668 0.282877 0.854546
1305031114.695671 -3.187986 5.737447 -1.499796 0.216771 -0.372892 0.281905 0.857025
1305031114.805715 -3.183259 5.740096 -1.494094 0.214761 -0.371628 0.277179 0.859618
1305031114.885653 -3.182986 5.747752 -1.491291 0.224443 -0.358027 0.270875 0.864910
1305031114.994631 -3.187452 5.741745 -1.494689 0.227756 -0.358061 0.269754 0.864380
1305031115.105657 -3.204627 5.736204 -1.504511 0.228389 -0.360560 0.265405 0.864520
1305031115.205677 -3.229832 5.736390 -1.521651 0.224562 -0.366788 0.258857 0.864888
1305031115.345619 -3.255247 5.742332 -1.541688 0.213237 -0.381840 0.258543 0.861327
1305031115.465646 -3.305345 5.760195 -1.586750 0.196244 -0.385959 0.272287 0.859293
1305031115.545665 -3.344387 5.757604 -1.624535 0.177986 -0.387394 0.272744 0.862472
1305031115.675651 -3.375767 5.763729 -1.651786 0.166490 -0.385532 0.271730 0.865915
1305031115.745734 -3.405364 5.767859 -1.701742 0.135408 -0.413370 0.289445 0.852650
1305031115.805611 -3.423690 5.762390 -1.727902 0.119785 -0.408958 0.300907 0.853147
1305031115.945697 -3.443958 5.761747 -1.758030 0.104251 -0.417477 0.310608 0.847566
1305031116.096016 -3.480062 5.753780 -1.800519 0.071467 -0.431426 0.329587 0.836742
1305031116.335644 -3.532859 5.744343 -1.837404 0.036599 -0.462114 0.337416 0.819305
1305031116.475652 -3.939018 5.538299 -1.929360 0.103417 -0.337009 0.458956 0.815530
1305031116.545634 -3.943880 5.532677 -1.934159 0.084184 -0.340049 0.472828 0.808526
1305031116.625670 -3.941806 5.534587 -1.936366 0.080746 -0.339417 0.473019 0.809030
1305031116.775727 -3.939008 5.530648 -1.934256 0.084957 -0.340217 0.474331 0.807493
1305031116.925700 -3.916812 5.521057 -1.913544 0.099877 -0.342707 0.473683 0.805110
1305031117.035718 -3.909699 5.734550 -1.292954 0.037257 -0.432251 0.680281 0.590753
1305031117.165661 -3.884094 5.751935 -1.257364 0.081475 -0.428143 0.668338 0.602809
1305031117.215684 -3.839428 5.762490 -1.234123 0.119753 -0.420714 0.645414 0.626179
1305031117.435626 -3.835450 5.769162 -1.227441 0.134612 -0.415833 0.636128 0.635848
1305031117.545630 -3.818408 5.781794 -1.234479 0.135116 -0.420722 0.622958 0.645492
1305031117.597648 -3.805359 5.781275 -1.247384 0.138392 -0.413891 0.628315 0.644020
1305031117.745665 -3.796827 5.780870 -1.251912 0.144241 -0.412581 0.632759 0.639209
1305031117.797855 -3.776269 5.791902 -1.276469 0.147609 -0.402798 0.634046 0.643391
1305031117.893135 -3.766703 5.798018 -1.289734 0.148096 -0.396163 0.635682 0.645779
1305031117.993243 -3.751870 5.808417 -1.318110 0.147093 -0.393519 0.637796 0.645541
1305031118.145681 -3.732744 5.822845 -1.338762 0.143004 -0.397686 0.637902 0.643798
1305031118.198607 -3.725600 5.829471 -1.350946 0.142094 -0.397851 0.636026 0.645751
1305031118.335651 -3.695352 5.851832 -1.396900 0.136529 -0.408756 0.636166 0.639977
1305031118.445677 -3.668741 5.866224 -1.424693 0.142187 -0.407785 0.646139 0.629284
1305031118.515597 -3.656495 5.870419 -1.431859 0.147510 -0.409543 0.653302 0.619444
1305031118.575606 -3.655832 5.874052 -1.440111 0.145842 -0.404748 0.655687 0.620471
1305031118.715630 -3.659783 5.869871 -1.437051 0.146292 -0.405070 0.656538 0.619253
1305031118.835622 -3.678302 5.867791 -1.416378 0.145364 -0.416237 0.649487 0.619502
1305031118.899269 -3.689175 5.854035 -1.391936 0.149758 -0.414289 0.649444 0.619806
1305031118.925657 -3.710756 5.837016 -1.372741 0.152325 -0.414770 0.648562 0.619782
1305031119.125695 -3.714200 5.835006 -1.368545 0.151497 -0.417002 0.645552 0.621628
1305031119.235691 -3.744486 5.803137 -1.303541 0.155682 -0.422707 0.638571 0.623946
1305031119.305682 -3.762458 5.785520 -1.278088 0.162421 -0.414611 0.640011 0.626181
1305031119.399913 -3.775000 5.775061 -1.259612 0.164217 -0.412825 0.641050 0.625830
1305031119.500030 -3.792315 5.762707 -1.233408 0.165019 -0.406945 0.644097 0.626341
1305031119.585648 -3.812514 5.752397 -1.209721 0.163002 -0.410129 0.645402 0.623442
1305031119.675630 -3.823416 5.746658 -1.190228 0.159218 -0.410662 0.645240 0.624236
1305031119.785623 -3.845310 5.740333 -1.160668 0.152673 -0.413940 0.642308 0.626726
1305031119.800367 -3.855172 5.739590 -1.153059 0.150363 -0.416518 0.639759 0.628182
1305031119.900484 -3.863652 5.740972 -1.130218 0.134141 -0.417173 0.635600 0.635599
1305031119.985747 -3.871128 5.739574 -1.123747 0.131628 -0.413873 0.636170 0.637707
1305031120.085625 -3.894648 5.734759 -1.096039 0.122120 -0.416152 0.635461 0.638822
1305031120.100701 -3.898196 5.733376 -1.092244 0.119297 -0.418844 0.634060 0.638988
1305031120.285581 -3.906422 5.736660 -1.079754 0.110241 -0.418282 0.629284 0.645670
1305031120.315576 -3.907486 5.739503 -1.076803 0.109114 -0.416113 0.628679 0.647849
1305031120.435622 -3.888582 5.743962 -1.096609 0.116379 -0.418543 0.636647 0.637149
1305031120.596888 -3.870775 5.753542 -1.122758 0.123352 -0.418171 0.642122 0.630553
1305031120.697018 -3.869525 5.754436 -1.125078 0.127689 -0.416392 0.647922 0.624908
1305031120.855591 -3.833566 5.779830 -1.184831 0.146835 -0.392097 0.667321 0.615940
1305031120.901611 -3.813174 5.792034 -1.215543 0.153955 -0.387209 0.671153 0.613124
1305031121.015566 -3.801355 5.798453 -1.236709 0.156806 -0.387990 0.669391 0.613833
1305031121.097404 -3.775938 5.808805 -1.263893 0.160626 -0.392947 0.668347 0.610823
1305031121.235601 -3.770578 5.810691 -1.268710 0.161229 -0.393780 0.668431 0.610035
1305031121.297555 -3.760418 5.814363 -1.279088 0.162247 -0.393530 0.667578 0.610860
1305031121.402414 -3.738106 5.821792 -1.308813 0.168858 -0.390358 0.671275 0.607040
1305031121.455556 -3.722774 5.827363 -1.320701 0.167803 -0.389952 0.672449 0.606294
1305031121.515618 -3.704844 5.835578 -1.347255 0.170732 -0.384721 0.675937 0.604938
1305031121.715564 -3.676600 5.839839 -1.371223 0.169725 -0.386547 0.682835 0.596248
1305031121.755555 -3.672334 5.841066 -1.375350 0.169169 -0.386851 0.682380 0.596729
1305031121.855600 -3.641356 5.855297 -1.406710 0.161396 -0.398217 0.679592 0.594583
1305031121.945649 -3.638424 5.856870 -1.410621 0.160622 -0.398501 0.678675 0.595648
1305031122.075598 -3.627591 5.866369 -1.427823 0.146139 -0.389843 0.679495 0.604113
1305031122.185630 -3.638103 5.862203 -1.417917 0.153333 -0.392259 0.677274 0.603259
1305031122.235585 -3.654577 5.852569 -1.397214 0.162590 -0.400230 0.673312 0.600026
1305031122.295559 -3.668395 5.839543 -1.372605 0.166916 -0.410287 0.669278 0.596548
1305031122.399213 -3.671501 5.840803 -1.370550 0.165562 -0.413257 0.663749 0.601036
1305031122.485574 -3.677014 5.835698 -1.357504 0.166967 -0.415093 0.662603 0.600648
1305031122.545533 -3.695529 5.825177 -1.325664 0.168379 -0.419169 0.648649 0.612536
1305031122.645565 -3.710684 5.813642 -1.301282 0.173037 -0.411324 0.641236 0.624249
1305031122.703645 -3.717634 5.808053 -1.294991 0.176039 -0.409364 0.639028 0.626957
1305031122.845567 -3.733327 5.795717 -1.270771 0.175486 -0.411671 0.635910 0.628768
1305031122.885640 -3.746447 5.785905 -1.251640 0.177566 -0.408276 0.638003 0.628278
1305031122.925527 -3.777506 5.771625 -1.217048 0.177772 -0.405146 0.634128 0.634141
1305031123.015542 -3.785769 5.768991 -1.211561 0.176042 -0.408777 0.632972 0.633449
1305031123.065560 -3.788560 5.766690 -1.194390 0.164404 -0.416349 0.630630 0.633979
1305031123.155547 -3.801713 5.760597 -1.176359 0.157760 -0.411772 0.630554 0.638715
1305031123.255523 -3.824693 5.749700 -1.146891 0.150063 -0.410411 0.631881 0.640133
1305031123.355543 -3.834132 5.746649 -1.139855 0.147956 -0.410715 0.631536 0.640769
1305031123.395560 -3.849172 5.743075 -1.121515 0.138887 -0.418481 0.627053 0.642175
1305031123.555588 -3.876722 5.745099 -1.098206 0.114113 -0.426343 0.618199 0.650416
1305031123.615514 -3.904231 5.743426 -1.076289 0.098063 -0.426635 0.617535 0.653465
1305031123.695533 -3.909896 5.741033 -1.072623 0.096547 -0.424904 0.617077 0.655249
1305031123.785583 -3.921160 5.738090 -1.062286 0.091155 -0.423534 0.617347 0.656653
1305031123.855522 -3.945076 5.739392 -1.055174 0.076353 -0.426102 0.609438 0.664223
1305031123.905139 -3.949184 5.738328 -1.051141 0.074382 -0.423967 0.609379 0.665866
1305031124.005249 -3.953250 5.740665 -1.050984 0.075566 -0.420970 0.611051 0.666101
1305031124.135765 -3.948906 5.744358 -1.056700 0.078032 -0.416286 0.612900 0.667060
1305031124.255512 -3.929471 5.754444 -1.072975 0.092944 -0.408966 0.622623 0.660643
1305031124.305546 -3.926438 5.763768 -1.067935 0.108217 -0.411197 0.637535 0.642460
1305031124.505559 -3.914469 5.764620 -1.080978 0.114885 -0.407132 0.639042 0.642394
1305031124.655554 -3.871006 5.773847 -1.128457 0.142091 -0.400976 0.652290 0.627333
1305031124.706040 -3.840361 5.780593 -1.158015 0.161126 -0.399595 0.659445 0.616031
1305031124.755539 -3.825582 5.786052 -1.177871 0.169612 -0.398118 0.661313 0.612698
1305031124.855516 -3.819931 5.787736 -1.185458 0.173164 -0.398432 0.663434 0.609197
1305031124.935535 -3.810147 5.792026 -1.195278 0.174734 -0.399596 0.663523 0.607888
1305031125.005589 -3.795678 5.798653 -1.213468 0.179153 -0.397757 0.665825 0.605285
1305031125.065510 -3.777197 5.812568 -1.244976 0.181122 -0.397329 0.667499 0.603134
1305031125.102470 -3.757720 5.825984 -1.270993 0.176403 -0.396892 0.666468 0.605953
1305031125.175558 -3.750200 5.832324 -1.283189 0.182145 -0.391300 0.671337 0.602507
1305031125.255483 -3.743189 5.837302 -1.292351 0.179238 -0.389855 0.672199 0.603353
1305031125.306716 -3.730459 5.844163 -1.309088 0.182550 -0.388759 0.674179 0.600853
1305031125.406952 -3.703523 5.855959 -1.331273 0.180470 -0.393727 0.674491 0.597890
1305031125.445525 -3.697105 5.860985 -1.341631 0.178694 -0.393681 0.674693 0.598225
1305031125.515562 -3.683313 5.862184 -1.355806 0.177846 -0.404608 0.674404 0.591475
1305031125.585504 -3.672005 5.869954 -1.366325 0.171454 -0.412843 0.672726 0.589579
1305031125.595559 -3.668636 5.868057 -1.365784 0.169326 -0.416168 0.673335 0.587156
1305031125.745537 -3.667126 5.868580 -1.368943 0.168094 -0.419098 0.672371 0.586531
1305031125.825508 -3.666322 5.869196 -1.371896 0.166507 -0.422549 0.671013 0.586062
1305031125.875545 -3.659571 5.863473 -1.364468 0.170969 -0.414440 0.678740 0.581654
1305031125.935518 -3.677970 5.846064 -1.342661 0.177899 -0.414455 0.680644 0.577323
1305031125.975514 -3.689541 5.838134 -1.313657 0.177511 -0.417413 0.676641 0.580012
1305031126.105886 -3.691995 5.838192 -1.310118 0.178637 -0.411768 0.674326 0.586362
1305031126.185531 -3.734146 5.823293 -1.279982 0.183409 -0.401289 0.668830 0.598327
1305031126.285519 -3.751067 5.819301 -1.263103 0.178889 -0.402946 0.665899 0.601840
1305031126.385504 -3.759850 5.818894 -1.254140 0.176012 -0.403523 0.662166 0.606403
1305031126.425556 -3.777319 5.815568 -1.240397 0.172850 -0.405257 0.657155 0.611585
1305031126.475560 -3.802859 5.810457 -1.215875 0.163918 -0.415107 0.649189 0.615931
1305031126.545896 -3.813956 5.808203 -1.197276 0.158234 -0.422534 0.643430 0.618405
1305031126.625525 -3.828883 5.801026 -1.171129 0.149848 -0.422120 0.639219 0.625107
1305031126.735548 -3.848928 5.797528 -1.157458 0.138439 -0.422636 0.631399 0.635255
1305031126.855463 -3.862264 5.793123 -1.147799 0.125600 -0.420087 0.630497 0.640488
1305031127.025483 -3.873429 5.786804 -1.140218 0.119005 -0.418140 0.633712 0.639849
1305031127.185507 -3.876365 5.779736 -1.133579 0.111355 -0.420931 0.635441 0.637677
1305031127.275550 -3.872595 5.781333 -1.135668 0.114928 -0.415258 0.636905 0.639300
1305031127.355456 -3.872286 5.780252 -1.134893 0.118441 -0.413968 0.637945 0.638458
1305031127.485490 -3.863127 5.787798 -1.146639 0.125793 -0.412960 0.639354 0.636291
1305031127.585516 -3.859072 5.791646 -1.151694 0.130697 -0.411348 0.640494 0.635200
1305031127.685494 -3.856114 5.795894 -1.154877 0.134283 -0.410794 0.639929 0.635380
1305031127.805654 -3.856301 5.795168 -1.152970 0.136018 -0.410838 0.641384 0.633512
1305031127.885479 -3.855094 5.797635 -1.155420 0.135259 -0.409641 0.640782 0.635057
1305031127.995466 -3.852491 5.799207 -1.157989 0.137270 -0.408007 0.641885 0.634563
1305031128.055460 -3.851355 5.798321 -1.156078 0.139069 -0.409313 0.642025 0.633188
1305031128.115483 -3.850140 5.801702 -1.156214 0.140369 -0.408616 0.640170 0.635226
1305031128.285532 -3.851582 5.802152 -1.157246 0.140446 -0.408439 0.639472 0.636025
1305031128.410420 -3.848972 5.807059 -1.162985 0.136998 -0.408225 0.638172 0.638217
1305031128.510556 -3.847974 5.809124 -1.165851 0.136206 -0.404771 0.641200 0.637550
1305031128.610689 -3.845440 5.810591 -1.166995 0.138840 -0.406683 0.640080 0.636891
1305031128.706756 -3.840532 5.810958 -1.168812 0.140952 -0.410756 0.638958 0.634938
1305031128.811125 -3.837917 5.809447 -1.167893 0.143551 -0.409343 0.639835 0.634384
1305031128.821125 -3.837822 5.807368 -1.166656 0.145148 -0.411433 0.640517 0.631976
