# ground truth timestamps.    ground truth quaternions                rob timestamps
1305031103.695900 1.1372 0.6225 1.4315 0.6655 0.6381 -0.2981 -0.2473 1305031103.695930
1305031104.015800 1.2138 0.6239 1.5471 0.6506 0.6505 -0.3009 -0.2512 1305031104.015842
1305031104.396400 1.3029 0.6275 1.6639 0.6477 0.6319 -0.2944 -0.3073 1305031104.396378
1305031104.485800 1.3217 0.6241 1.6824 0.6484 0.6316 -0.2948 -0.3062 1305031104.481279
1305031104.695800 1.3704 0.6220 1.7284 0.6432 0.6049 -0.3102 -0.3523 1305031104.695835
1305031104.835900 1.3952 0.6295 1.7501 0.6405 0.5749 -0.3223 -0.3942 1305031104.835871
1305031104.895800 1.3993 0.6330 1.7522 0.6414 0.5690 -0.3253 -0.3988 1305031104.895832
1305031104.985800 1.3948 0.6369 1.7465 0.6430 0.5683 -0.3261 -0.3965 1305031104.981866
1305031105.105800 1.3718 0.6363 1.7236 0.6477 0.5790 -0.3136 -0.3832 1305031105.105796
1305031105.295800 1.3146 0.6249 1.6662 0.6511 0.6132 -0.2968 -0.3345 1305031105.295838
1305031105.395800 1.2860 0.6193 1.6368 0.6523 0.6235 -0.2960 -0.3133 1305031105.395807
1305031105.435800 1.2739 0.6176 1.6244 0.6524 0.6275 -0.2952 -0.3057 1305031105.435782
1305031105.585800 1.2310 0.6156 1.5804 0.6563 0.6346 -0.2890 -0.2882 1305031105.582680
1305031105.695800 1.1991 0.6177 1.5461 0.6605 0.6314 -0.2888 -0.2858 1305031105.695830
1305031105.775800 1.1754 0.6218 1.5201 0.6626 0.6273 -0.2847 -0.2939 1305031105.777354
1305031105.995900 1.1203 0.6358 1.4457 0.6796 0.6144 -0.2692 -0.2971 1305031105.995932
1305031106.285800 1.0759 0.6331 1.3662 0.6939 0.6152 -0.2584 -0.2708 1305031106.282416
1305031106.365800 1.0709 0.6317 1.3549 0.6960 0.6217 -0.2487 -0.2592 1305031106.365837
1305031106.495800 1.0776 0.6307 1.3638 0.6903 0.6296 -0.2395 -0.2642 1305031106.495834
1305031106.585800 1.0912 0.6288 1.3861 0.6837 0.6329 -0.2484 -0.2651 1305031106.582783
1305031106.695800 1.1157 0.6255 1.4210 0.6775 0.6402 -0.2541 -0.2582 1305031106.695836
1305031106.865800 1.1649 0.6211 1.4843 0.6656 0.6473 -0.2735 -0.2512 1305031106.865824
1305031106.876000 1.1680 0.6207 1.4884 0.6646 0.6472 -0.2744 -0.2534 1305031106.875982
1305031107.075900 1.2324 0.6147 1.5710 0.6512 0.6519 -0.2725 -0.2770 1305031107.075895
1305031107.095800 1.2383 0.6142 1.5784 0.6499 0.6513 -0.2755 -0.2786 1305031107.095792
1305031107.275800 1.2872 0.6145 1.6379 0.6457 0.6424 -0.2799 -0.3033 1305031107.275794
1305031107.395800 1.3117 0.6195 1.6689 0.6403 0.6303 -0.2880 -0.3314 1305031107.395764
1305031107.495800 1.3187 0.6297 1.6812 0.6417 0.6227 -0.2864 -0.3442 1305031107.495757
1305031107.555800 1.3190 0.6368 1.6823 0.6464 0.6205 -0.2826 -0.3424 1305031107.555769
1305031107.585800 1.3181 0.6396 1.6816 0.6456 0.6180 -0.2864 -0.3452 1305031107.585766
1305031107.775800 1.3164 0.6435 1.6659 0.6500 0.6215 -0.2812 -0.3349 1305031107.775756
1305031107.795800 1.3163 0.6432 1.6645 0.6506 0.6224 -0.2805 -0.3327 1305031107.795834
1305031107.895800 1.3142 0.6454 1.6579 0.6491 0.6252 -0.2754 -0.3346 1305031107.895824
1305031108.095800 1.3048 0.6937 1.6473 0.6567 0.6066 -0.2635 -0.3625 1305031108.095761
1305031108.175800 1.2994 0.7241 1.6423 0.6605 0.6018 -0.2605 -0.3658 1305031108.175751
1305031108.275800 1.2952 0.7630 1.6350 0.6629 0.6024 -0.2507 -0.3672 1305031108.275841
1305031108.285800 1.2948 0.7666 1.6342 0.6634 0.6024 -0.2500 -0.3667 1305031108.286245
1305031108.295800 1.2944 0.7701 1.6331 0.6640 0.6026 -0.2494 -0.3659 1305031108.295783
1305031108.485800 1.2937 0.8399 1.6162 0.6876 0.5925 -0.2524 -0.3352 1305031108.486466
1305031108.615700 1.2951 0.8897 1.6099 0.6902 0.5816 -0.2436 -0.3550 1305031108.615737
1305031108.765700 1.2975 0.9414 1.6037 0.7045 0.5690 -0.2274 -0.3581 1305031108.765747
1305031109.127400 1.3107 0.9234 1.6157 0.7015 0.5704 -0.2500 -0.3464 1305031109.127408
1305031109.245700 1.3110 0.8802 1.6134 0.7055 0.5769 -0.2517 -0.3258 1305031109.245721
1305031109.345700 1.3101 0.8378 1.6131 0.6999 0.5842 -0.2691 -0.3107 1305031109.345736
1305031109.385700 1.3099 0.8200 1.6132 0.6973 0.5883 -0.2732 -0.3049 1305031109.385731
1305031109.485800 1.3104 0.7759 1.6144 0.6885 0.6023 -0.2724 -0.2983 1305031109.487471
1305031109.735800 1.3137 0.6757 1.6161 0.6824 0.6127 -0.2743 -0.2894 1305031109.735761
1305031109.875800 1.3083 0.6179 1.6084 0.6806 0.6211 -0.2718 -0.2778 1305031109.875769
1305031109.975800 1.3017 0.5744 1.6007 0.6714 0.6356 -0.2684 -0.2704 1305031109.975759
1305031109.985700 1.3011 0.5701 1.5999 0.6704 0.6375 -0.2672 -0.2698 1305031109.988271
1305031110.205700 1.2877 0.4862 1.5850 0.6531 0.6623 -0.2583 -0.2610 1305031110.205748
1305031110.375700 1.2859 0.4304 1.5825 0.6397 0.6715 -0.2746 -0.2541 1305031110.375684
1305031110.415700 1.2860 0.4157 1.5816 0.6365 0.6759 -0.2764 -0.2484 1305031110.415740
1305031110.495700 1.2860 0.3857 1.5788 0.6242 0.6882 -0.2811 -0.2403 1305031110.495726
1305031110.615700 1.2863 0.3449 1.5740 0.6133 0.7025 -0.2806 -0.2271 1305031110.615700
1305031110.685700 1.2862 0.3271 1.5725 0.6094 0.7066 -0.2810 -0.2247 1305031110.689179
1305031110.875700 1.2866 0.3075 1.5715 0.6038 0.7128 -0.2819 -0.2186 1305031110.875691
1305031111.045800 1.2873 0.3308 1.5680 0.6097 0.7088 -0.2761 -0.2229 1305031111.045769
1305031111.175700 1.2881 0.3669 1.5680 0.6178 0.7005 -0.2733 -0.2299 1305031111.175708
1305031111.245800 1.2884 0.3896 1.5690 0.6203 0.6971 -0.2703 -0.2370 1305031111.245757
1305031111.355700 1.2882 0.4298 1.5705 0.6254 0.6918 -0.2737 -0.2353 1305031111.355712
1305031111.476000 1.2875 0.4777 1.5727 0.6235 0.6887 -0.2786 -0.2435 1305031111.476007
1305031111.605700 1.2878 0.5359 1.5771 0.6381 0.6725 -0.2708 -0.2595 1305031111.605709
1305031111.695700 1.2879 0.5771 1.5794 0.6511 0.6559 -0.2733 -0.2666 1305031111.695722
1305031111.875700 1.2889 0.6579 1.5802 0.6740 0.6261 -0.2464 -0.3050 1305031111.875729
1305031111.975800 1.2887 0.6992 1.5803 0.6842 0.6104 -0.2609 -0.3020 1305031111.975750
1305031112.075700 1.2907 0.7401 1.5825 0.6874 0.6022 -0.2449 -0.3238 1305031112.075697
1305031112.185700 1.2907 0.7860 1.5841 0.6844 0.6040 -0.2210 -0.3434 1305031112.185315
1305031112.245700 1.2903 0.8125 1.5871 0.6804 0.6021 -0.2135 -0.3591 1305031112.245703
1305031112.345800 1.2898 0.8545 1.5933 0.6741 0.5979 -0.2220 -0.3726 1305031112.345795
1305031112.385700 1.2901 0.8700 1.5949 0.6758 0.5950 -0.2271 -0.3710 1305031112.385745
1305031112.545900 1.2936 0.9228 1.5987 0.6880 0.5758 -0.2519 -0.3629 1305031112.545855
1305031112.695700 1.2975 0.9587 1.5962 0.7067 0.5582 -0.2457 -0.3587 1305031112.695706
1305031112.945700 1.2985 0.9441 1.5828 0.7140 0.5658 -0.2409 -0.3349 1305031112.945668
1305031113.345700 1.2926 0.7966 1.6004 0.6957 0.5893 -0.2748 -0.3054 1305031113.345734
1305031113.705600 1.2745 0.6144 1.6021 0.6659 0.6320 -0.2786 -0.2822 1305031113.705640
1305031113.875700 1.2698 0.5441 1.5972 0.6550 0.6413 -0.2687 -0.2960 1305031113.875694
1305031113.945700 1.2680 0.5150 1.5947 0.6521 0.6405 -0.2699 -0.3028 1305031113.945668
1305031114.175700 1.2599 0.4174 1.5860 0.6274 0.6536 -0.2868 -0.3113 1305031114.175653
1305031114.225700 1.2579 0.3975 1.5826 0.6240 0.6578 -0.2853 -0.3106 1305031114.225681
1305031114.375700 1.2514 0.3423 1.5747 0.6106 0.6714 -0.2953 -0.2986 1305031114.375721
1305031114.445600 1.2484 0.3200 1.5734 0.6041 0.6772 -0.2981 -0.2960 1305031114.445647
1305031114.565700 1.2409 0.2903 1.5731 0.6017 0.6823 -0.3058 -0.2809 1305031114.565710
1305031114.635700 1.2377 0.2788 1.5726 0.6062 0.6834 -0.3023 -0.2722 1305031114.635674
1305031114.695700 1.2359 0.2715 1.5729 0.6037 0.6866 -0.3074 -0.2638 1305031114.695671
1305031114.805700 1.2375 0.2680 1.5744 0.5970 0.6912 -0.3098 -0.2644 1305031114.805715
1305031114.885700 1.2400 0.2743 1.5726 0.5956 0.6923 -0.3106 -0.2637 1305031114.885653
1305031114.995700 1.2434 0.2951 1.5651 0.5962 0.6958 -0.3035 -0.2613 1305031114.994631
1305031115.105700 1.2432 0.3296 1.5568 0.6026 0.6946 -0.2939 -0.2609 1305031115.105657
1305031115.205700 1.2392 0.3699 1.5518 0.6112 0.6882 -0.2866 -0.2659 1305031115.205677
1305031115.345600 1.2300 0.4400 1.5448 0.6266 0.6689 -0.2861 -0.2794 1305031115.345619
1305031115.465600 1.2259 0.5024 1.5355 0.6395 0.6656 -0.2870 -0.2562 1305031115.465646
1305031115.545700 1.2264 0.5483 1.5337 0.6547 0.6522 -0.2782 -0.2619 1305031115.545665
1305031115.675700 1.2306 0.6198 1.5366 0.6767 0.6277 -0.2762 -0.2681 1305031115.675651
1305031115.745700 1.2339 0.6566 1.5386 0.6894 0.6139 -0.2753 -0.2687 1305031115.745734
1305031115.805600 1.2364 0.6872 1.5397 0.7020 0.5995 -0.2694 -0.2743 1305031115.805611
1305031115.945700 1.2412 0.7514 1.5366 0.7237 0.5732 -0.2610 -0.2819 1305031115.945697
1305031116.095900 1.2428 0.8126 1.5244 0.7468 0.5529 -0.2268 -0.2916 1305031116.096016
1305031116.335600 1.2485 0.8928 1.5143 0.7745 0.5229 -0.1917 -0.2999 1305031116.335644
1305031116.475700 1.2553 0.9070 1.5197 0.7831 0.5065 -0.1963 -0.3026 1305031116.475652
1305031116.545600 1.2567 0.8968 1.5234 0.7772 0.5120 -0.1966 -0.3085 1305031116.545634
1305031116.625700 1.2564 0.8718 1.5269 0.7668 0.5267 -0.2014 -0.3068 1305031116.625670
1305031116.775700 1.2560 0.8034 1.5326 0.7376 0.5670 -0.2025 -0.3057 1305031116.775727
1305031116.925700 1.2592 0.7242 1.5350 0.7120 0.5998 -0.2212 -0.2904 1305031116.925700
1305031117.035700 1.2610 0.6649 1.5316 0.6824 0.6308 -0.2416 -0.2793 1305031117.035718
1305031117.165700 1.2657 0.6116 1.5234 0.6656 0.6522 -0.2577 -0.2554 1305031117.165661
1305031117.215700 1.2652 0.5995 1.5208 0.6616 0.6566 -0.2613 -0.2506 1305031117.215684
1305031117.435600 1.2575 0.5831 1.5279 0.6592 0.6625 -0.2550 -0.2480 1305031117.435626
1305031117.545600 1.2454 0.5817 1.5436 0.6575 0.6590 -0.2644 -0.2520 1305031117.545630
1305031117.595600 1.2367 0.5811 1.5507 0.6558 0.6596 -0.2674 -0.2518 1305031117.597648
1305031117.745700 1.2011 0.5831 1.5712 0.6574 0.6575 -0.2770 -0.2425 1305031117.745665
1305031117.795800 1.1874 0.5838 1.5783 0.6589 0.6561 -0.2796 -0.2392 1305031117.797855
1305031117.895600 1.1578 0.5846 1.5937 0.6603 0.6537 -0.2786 -0.2429 1305031117.893135
1305031117.995600 1.1265 0.5847 1.6068 0.6621 0.6539 -0.2734 -0.2435 1305031117.993243
1305031118.145700 1.0804 0.5855 1.6272 0.6628 0.6529 -0.2648 -0.2536 1305031118.145681
1305031118.195700 1.0664 0.5860 1.6347 0.6627 0.6518 -0.2633 -0.2583 1305031118.198607
1305031118.335700 1.0313 0.5873 1.6550 0.6575 0.6483 -0.2737 -0.2691 1305031118.335651
1305031118.445700 1.0114 0.5904 1.6623 0.6568 0.6457 -0.2788 -0.2719 1305031118.445677
1305031118.515600 1.0065 0.5929 1.6617 0.6576 0.6434 -0.2820 -0.2720 1305031118.515597
1305031118.575600 1.0084 0.5945 1.6572 0.6585 0.6446 -0.2788 -0.2706 1305031118.575606
1305031118.715600 1.0319 0.5945 1.6396 0.6540 0.6512 -0.2712 -0.2734 1305031118.715630
1305031118.835600 1.0669 0.5944 1.6212 0.6522 0.6526 -0.2771 -0.2681 1305031118.835622
1305031118.895700 1.0891 0.5936 1.6116 0.6505 0.6549 -0.2734 -0.2706 1305031118.899269
1305031118.925700 1.1005 0.5928 1.6071 0.6498 0.6545 -0.2738 -0.2727 1305031118.925657
1305031119.125700 1.1770 0.5832 1.5774 0.6440 0.6617 -0.2743 -0.2687 1305031119.125695
1305031119.235700 1.2153 0.5781 1.5633 0.6425 0.6609 -0.2824 -0.2657 1305031119.235691
1305031119.305700 1.2370 0.5762 1.5536 0.6438 0.6599 -0.2833 -0.2642 1305031119.305682
1305031119.395700 1.2631 0.5737 1.5399 0.6448 0.6579 -0.2883 -0.2614 1305031119.399913
1305031119.495600 1.2924 0.5706 1.5225 0.6461 0.6569 -0.2837 -0.2656 1305031119.500030
1305031119.585600 1.3183 0.5671 1.5044 0.6497 0.6565 -0.2790 -0.2627 1305031119.585648
1305031119.675600 1.3427 0.5626 1.4841 0.6535 0.6565 -0.2711 -0.2615 1305031119.675630
1305031119.785600 1.3694 0.5590 1.4596 0.6635 0.6518 -0.2656 -0.2538 1305031119.785623
1305031119.796200 1.3714 0.5588 1.4574 0.6644 0.6507 -0.2663 -0.2534 1305031119.800367
1305031119.895700 1.3940 0.5558 1.4392 0.6701 0.6454 -0.2644 -0.2541 1305031119.900484
1305031119.985700 1.4111 0.5526 1.4259 0.6742 0.6449 -0.2548 -0.2542 1305031119.985747
1305031120.085600 1.4226 0.5492 1.4167 0.6792 0.6443 -0.2512 -0.2457 1305031120.085625
1305031120.105600 1.4234 0.5489 1.4164 0.6799 0.6449 -0.2505 -0.2432 1305031120.100701
1305031120.285600 1.4066 0.5513 1.4330 0.6760 0.6428 -0.2573 -0.2525 1305031120.285581
1305031120.315600 1.4000 0.5523 1.4377 0.6742 0.6434 -0.2581 -0.2548 1305031120.315576
1305031120.435600 1.3661 0.5583 1.4578 0.6689 0.6416 -0.2677 -0.2632 1305031120.435622
1305031120.595600 1.3167 0.5657 1.4818 0.6653 0.6344 -0.2920 -0.2640 1305031120.596888
1305031120.695600 1.2876 0.5700 1.4961 0.6634 0.6319 -0.3009 -0.2647 1305031120.697018
1305031120.855600 1.2429 0.5758 1.5210 0.6580 0.6338 -0.3084 -0.2651 1305031120.855591
1305031120.905700 1.2302 0.5770 1.5294 0.6567 0.6346 -0.3069 -0.2679 1305031120.901611
1305031121.015600 1.2032 0.5781 1.5475 0.6522 0.6372 -0.3077 -0.2718 1305031121.015566
1305031121.095600 1.1844 0.5784 1.5616 0.6491 0.6386 -0.3108 -0.2725 1305031121.097404
1305031121.235600 1.1507 0.5790 1.5873 0.6464 0.6377 -0.3139 -0.2774 1305031121.235601
1305031121.295600 1.1350 0.5799 1.5977 0.6466 0.6367 -0.3164 -0.2765 1305031121.297555
1305031121.405600 1.1064 0.5812 1.6172 0.6437 0.6339 -0.3230 -0.2818 1305031121.402414
1305031121.455600 1.0935 0.5816 1.6257 0.6457 0.6328 -0.3220 -0.2810 1305031121.455556
1305031121.515600 1.0784 0.5821 1.6366 0.6459 0.6299 -0.3235 -0.2854 1305031121.515618
1305031121.715600 1.0337 0.5813 1.6661 0.6495 0.6320 -0.3084 -0.2893 1305031121.715564
1305031121.755600 1.0256 0.5822 1.6698 0.6513 0.6320 -0.3067 -0.2870 1305031121.755555
1305031121.855600 1.0107 0.5866 1.6753 0.6589 0.6273 -0.3049 -0.2817 1305031121.855600
1305031121.945600 1.0081 0.5878 1.6748 0.6620 0.6252 -0.3074 -0.2764 1305031121.945649
1305031122.075600 1.0250 0.5862 1.6636 0.6549 0.6321 -0.3061 -0.2790 1305031122.075598
1305031122.185600 1.0544 0.5842 1.6453 0.6439 0.6398 -0.3052 -0.2879 1305031122.185630
1305031122.235600 1.0707 0.5830 1.6343 0.6429 0.6462 -0.2969 -0.2846 1305031122.235585
1305031122.295600 1.0915 0.5805 1.6217 0.6395 0.6523 -0.2933 -0.2820 1305031122.295559
1305031122.395600 1.1272 0.5755 1.6022 0.6375 0.6615 -0.2883 -0.2702 1305031122.399213
1305031122.485600 1.1588 0.5710 1.5885 0.6356 0.6653 -0.2938 -0.2589 1305031122.485574
1305031122.545500 1.1790 0.5682 1.5796 0.6347 0.6677 -0.2927 -0.2563 1305031122.545533
1305031122.645600 1.2124 0.5645 1.5645 0.6339 0.6671 -0.2949 -0.2573 1305031122.645565
1305031122.705700 1.2316 0.5626 1.5543 0.6345 0.6655 -0.2993 -0.2548 1305031122.703645
1305031122.845600 1.2709 0.5573 1.5271 0.6381 0.6680 -0.2886 -0.2514 1305031122.845567
1305031122.885600 1.2809 0.5566 1.5200 0.6418 0.6673 -0.2814 -0.2523 1305031122.885640
1305031122.925500 1.2906 0.5558 1.5136 0.6422 0.6674 -0.2804 -0.2522 1305031122.925527
1305031123.015500 1.3111 0.5538 1.5003 0.6483 0.6634 -0.2809 -0.2464 1305031123.015542
1305031123.065600 1.3225 0.5527 1.4932 0.6500 0.6605 -0.2824 -0.2478 1305031123.065560
1305031123.155500 1.3425 0.5507 1.4771 0.6542 0.6594 -0.2779 -0.2450 1305031123.155547
1305031123.255500 1.3655 0.5504 1.4535 0.6624 0.6599 -0.2604 -0.2407 1305031123.255523
1305031123.355500 1.3874 0.5519 1.4297 0.6720 0.6561 -0.2470 -0.2387 1305031123.355543
1305031123.395600 1.3961 0.5523 1.4213 0.6768 0.6529 -0.2417 -0.2391 1305031123.395560
1305031123.555600 1.4282 0.5557 1.3929 0.6887 0.6453 -0.2360 -0.2315 1305031123.555588
1305031123.615500 1.4386 0.5573 1.3830 0.6908 0.6437 -0.2348 -0.2308 1305031123.615514
1305031123.695500 1.4517 0.5596 1.3709 0.6973 0.6417 -0.2238 -0.2279 1305031123.695533
1305031123.785600 1.4608 0.5606 1.3639 0.7000 0.6399 -0.2229 -0.2255 1305031123.785583
1305031123.855500 1.4630 0.5611 1.3644 0.7023 0.6387 -0.2223 -0.2220 1305031123.855522
1305031123.905600 1.4619 0.5610 1.3675 0.7011 0.6384 -0.2255 -0.2236 1305031123.905139
1305031124.005600 1.4509 0.5611 1.3751 0.6988 0.6384 -0.2342 -0.2218 1305031124.005249
1305031124.135800 1.4263 0.5627 1.3901 0.6922 0.6386 -0.2487 -0.2264 1305031124.135765
1305031124.255500 1.3985 0.5658 1.4079 0.6839 0.6416 -0.2590 -0.2313 1305031124.255512
1305031124.305600 1.3870 0.5670 1.4165 0.6815 0.6419 -0.2654 -0.2304 1305031124.305546
1305031124.505600 1.3371 0.5704 1.4604 0.6648 0.6435 -0.2885 -0.2465 1305031124.505559
1305031124.655600 1.2918 0.5727 1.4940 0.6518 0.6477 -0.3024 -0.2534 1305031124.655554
1305031124.705500 1.2754 0.5744 1.5052 0.6484 0.6479 -0.3058 -0.2575 1305031124.706040
1305031124.755500 1.2584 0.5759 1.5161 0.6460 0.6489 -0.3067 -0.2599 1305031124.755539
1305031124.855500 1.2215 0.5787 1.5358 0.6431 0.6498 -0.3112 -0.2594 1305031124.855516
1305031124.935500 1.1915 0.5819 1.5489 0.6449 0.6495 -0.3071 -0.2607 1305031124.935535
1305031125.005600 1.1670 0.5840 1.5602 0.6430 0.6464 -0.3145 -0.2643 1305031125.005589
1305031125.065500 1.1475 0.5855 1.5688 0.6452 0.6439 -0.3168 -0.2624 1305031125.065510
1305031125.105600 1.1354 0.5857 1.5752 0.6453 0.6430 -0.3187 -0.2618 1305031125.102470
1305031125.175600 1.1159 0.5852 1.5861 0.6457 0.6421 -0.3170 -0.2650 1305031125.175558
1305031125.255500 1.0961 0.5827 1.5984 0.6433 0.6441 -0.3156 -0.2679 1305031125.255483
1305031125.305600 1.0846 0.5816 1.6054 0.6443 0.6429 -0.3144 -0.2698 1305031125.306716
1305031125.405600 1.0624 0.5801 1.6173 0.6429 0.6445 -0.3058 -0.2787 1305031125.406952
1305031125.445500 1.0544 0.5803 1.6205 0.6437 0.6456 -0.3002 -0.2806 1305031125.445525
1305031125.515600 1.0445 0.5812 1.6257 0.6448 0.6448 -0.2940 -0.2863 1305031125.515562
1305031125.585500 1.0405 0.5823 1.6289 0.6448 0.6467 -0.2862 -0.2900 1305031125.585504
1305031125.595600 1.0404 0.5825 1.6293 0.6445 0.6463 -0.2863 -0.2915 1305031125.595559
1305031125.745500 1.0567 0.5827 1.6282 0.6405 0.6397 -0.3080 -0.2928 1305031125.745537
1305031125.825500 1.0742 0.5820 1.6203 0.6389 0.6427 -0.3042 -0.2935 1305031125.825508
1305031125.875500 1.0868 0.5817 1.6136 0.6371 0.6444 -0.3041 -0.2939 1305031125.875545
1305031125.935500 1.1031 0.5813 1.6031 0.6372 0.6466 -0.3091 -0.2835 1305031125.935518
1305031125.975500 1.1150 0.5813 1.5963 0.6376 0.6471 -0.3138 -0.2760 1305031125.975514
1305031126.105900 1.1535 0.5823 1.5649 0.6407 0.6514 -0.3091 -0.2640 1305031126.105886
1305031126.185500 1.1773 0.5827 1.5429 0.6449 0.6521 -0.3046 -0.2570 1305031126.185531
1305031126.285500 1.2096 0.5820 1.5165 0.6489 0.6539 -0.2952 -0.2533 1305031126.285519
1305031126.385500 1.2396 0.5795 1.4930 0.6522 0.6572 -0.2804 -0.2531 1305031126.385504
1305031126.425600 1.2512 0.5786 1.4848 0.6533 0.6584 -0.2759 -0.2522 1305031126.425556
1305031126.475600 1.2659 0.5780 1.4752 0.6558 0.6573 -0.2756 -0.2489 1305031126.475560
1305031126.545900 1.2845 0.5771 1.4616 0.6601 0.6577 -0.2713 -0.2411 1305031126.545896
1305031126.625500 1.3023 0.5781 1.4483 0.6671 0.6574 -0.2610 -0.2339 1305031126.625525
1305031126.735500 1.3224 0.5807 1.4365 0.6767 0.6494 -0.2583 -0.2316 1305031126.735548
1305031126.855500 1.3385 0.5837 1.4301 0.6820 0.6439 -0.2553 -0.2346 1305031126.855463
1305031127.025500 1.3472 0.5867 1.4296 0.6837 0.6420 -0.2554 -0.2347 1305031127.025483
1305031127.185500 1.3415 0.5862 1.4337 0.6805 0.6427 -0.2653 -0.2312 1305031127.185507
1305031127.275500 1.3343 0.5859 1.4374 0.6782 0.6432 -0.2674 -0.2342 1305031127.275550
1305031127.355500 1.3267 0.5856 1.4404 0.6756 0.6445 -0.2707 -0.2345 1305031127.355456
1305031127.485500 1.3151 0.5845 1.4435 0.6722 0.6470 -0.2737 -0.2338 1305031127.485490
1305031127.585500 1.3090 0.5838 1.4444 0.6707 0.6475 -0.2761 -0.2340 1305031127.585516
1305031127.685500 1.3049 0.5842 1.4453 0.6713 0.6468 -0.2773 -0.2326 1305031127.685494
1305031127.805600 1.3015 0.5830 1.4475 0.6697 0.6470 -0.2795 -0.2337 1305031127.805654
1305031127.885500 1.3001 0.5815 1.4485 0.6690 0.6479 -0.2793 -0.2338 1305031127.885479
1305031127.995500 1.2959 0.5811 1.4474 0.6691 0.6499 -0.2781 -0.2295 1305031127.995466
1305031128.055500 1.2921 0.5823 1.4465 0.6711 0.6491 -0.2761 -0.2280 1305031128.055460
1305031128.115500 1.2885 0.5834 1.4467 0.6715 0.6486 -0.2769 -0.2275 1305031128.115483
1305031128.285500 1.2827 0.5852 1.4480 0.6719 0.6459 -0.2816 -0.2283 1305031128.285532
1305031128.405500 1.2815 0.5834 1.4498 0.6697 0.6485 -0.2799 -0.2294 1305031128.410420
1305031128.515600 1.2802 0.5820 1.4518 0.6680 0.6505 -0.2787 -0.2302 1305031128.510556
1305031128.615500 1.2791 0.5821 1.4540 0.6674 0.6500 -0.2796 -0.2324 1305031128.610689
1305031128.705500 1.2790 0.5816 1.4559 0.6660 0.6515 -0.2805 -0.2311 1305031128.706756
