1305031453.499567
1305031453.579452
1305031453.799923
1305031453.882117
1305031453.969463
1305031454.039455
1305031454.082408
1305031454.300772
1305031454.379478
1305031454.439514
1305031454.579504
1305031454.701379
1305031454.779526
1305031454.839514
1305031455.001839
1305031455.079473
1305031455.179435
1305031455.239534
1305031455.602749
1305031455.692644
1305031455.769454
1305031455.859475
1305031455.929412
1305031456.159429
1305031456.229429
1305031456.339458
1305031456.409482
1305031456.509512
1305031456.586295
1305031457.439407
1305031457.529429
1305031457.659408
1305031457.929461
1305031457.969388
1305031458.019374
1305031458.029406
1305031458.295907
1305031458.549394
1305031458.649376
1305031458.729374
1305031458.839387
1305031458.859403
1305031459.019437
1305031459.118314
1305031459.239396
1305031459.319412
1305031459.549428
1305031459.618876
1305031459.839411
1305031459.849394
1305031460.259639
1305031460.508674
1305031461.019327
1305031461.039343
1305031461.249414
1305031461.349349
1305031461.419337
1305031461.509912
1305031461.649354
1305031461.979347
1305031462.079340
1305031462.479297
1305031462.499344
1305031462.559285
1305031462.679325
1305031462.723372
1305031462.899336
1305031462.979368
1305031463.102609
1305031463.179368
1305031463.339319
1305031463.402971
1305031463.503089
1305031463.639321
1305031463.839334
1305031463.879300
1305031463.939292
1305031463.999314
1305031464.179366
1305031464.204365
1305031464.299315
1305031464.379288
1305031464.439304
1305031464.496538
1305031464.539480
1305031464.679409
1305031464.759295
1305031464.799277
1305031464.897202
1305031464.979326
1305031465.089316
1305031465.169343
1305031465.219313
1305031465.319297
1305031465.409280
1305031465.439291
1305031465.559370
1305031465.614939
1305031465.759303
1305031465.827682
1305031466.039264
1305031466.099272
1305031466.159257
1305031466.259257
1305031466.319314
1305031466.359267
1305031466.449328
1305031466.489289
1305031466.559262
1305031466.649340
1305031466.716330
1305031466.739244
1305031466.749314
1305031466.929225
1305031466.939262
1305031467.016742
1305031467.208204
1305031467.299244
1305031467.330101
1305031467.449272
1305031467.549283
1305031467.639247
1305031467.859236
1305031468.009231
1305031468.069266
1305031468.218340
1305031468.359226
1305031468.469356
1305031468.559223
1305031468.709222
1305031468.749258
1305031468.839283
1305031468.949297
1305031469.119222
1305031469.159255
1305031469.449259
1305031469.589200
1305031469.611188
1305031469.689250
1305031469.719204
1305031469.811411
1305031469.903606
1305031470.234098
1305031470.339185
1305031470.449183
1305031470.519191
1305031470.659182
1305031470.712390
1305031470.859183
1305031470.919184
1305031471.019220
1305031471.119224
1305031471.259191
1305031471.269167
1305031471.359165
1305031471.422253
1305031471.489194
1305031471.599231
1305031471.639178
1305031471.719143
1305031471.779147
1305031471.859149
1305031472.006540
1305031472.099191
1305031472.159157
1305031472.249180
1305031472.399187
1305031472.449133
1305031472.459164
1305031472.614681
1305031472.649171
1305031472.714791
1305031472.759202
1305031472.823910
1305031472.899174
1305031472.949181
1305031473.019164
1305031473.024132
1305031473.159158
1305031473.189176
1305031473.315436
1305031473.325436
