1305031453.499567 -4.648409 6.526641 -0.853102 0.216324 -0.612216 0.653652 0.388761
1305031453.579452 -4.669006 6.482364 -0.820444 0.180352 -0.591060 0.695487 0.366631
1305031453.799923 -4.675395 6.459749 -0.798236 0.177795 -0.580705 0.711373 0.353722
1305031453.882117 -4.710067 6.405940 -0.683638 0.231472 -0.573204 0.711751 0.333570
1305031453.969463 -4.715123 6.404736 -0.646247 0.251319 -0.574356 0.701679 0.338527
1305031454.039455 -4.717843 6.403221 -0.630399 0.264511 -0.572805 0.693746 0.347341
1305031454.082408 -4.715107 6.406674 -0.590981 0.314286 -0.569954 0.655796 0.382502
1305031454.300772 -4.719853 6.410723 -0.580245 0.327793 -0.571561 0.645935 0.385536
1305031454.379478 -4.715868 6.418692 -0.569964 0.339724 -0.575190 0.634024 0.389560
1305031454.439514 -4.477420 6.516846 -1.009094 0.362902 -0.528834 0.568711 0.514980
1305031454.579504 -4.476317 6.526290 -0.986345 0.389664 -0.532088 0.547242 0.515336
1305031454.701379 -4.495173 6.532268 -0.961119 0.438147 -0.544313 0.499714 0.511896
1305031454.779526 -4.504375 6.531225 -0.943058 0.480974 -0.535814 0.442533 0.534539
1305031454.839514 -4.518993 6.535165 -0.950907 0.490657 -0.521785 0.429749 0.549829
1305031455.001839 -4.535371 6.528131 -0.953792 0.482337 -0.513061 0.433953 0.561965
1305031455.079473 -4.565434 6.513187 -0.922396 0.441727 -0.519312 0.457337 0.570995
1305031455.179435 -4.576849 6.509265 -0.905870 0.435843 -0.519900 0.461641 0.571518
1305031455.239534 -4.587835 6.504862 -0.865431 0.425199 -0.527363 0.472278 0.563958
1305031455.602749 -4.592071 6.517897 -0.768531 0.357529 -0.528973 0.498855 0.586092
1305031455.692644 -4.586366 6.521674 -0.751918 0.342955 -0.530132 0.503759 0.589549
1305031455.769454 -4.554183 6.535273 -0.682679 0.301021 -0.517896 0.528773 0.601307
1305031455.859475 -4.490681 6.543220 -0.589094 0.278876 -0.515626 0.548748 0.596015
1305031455.929412 -4.458745 6.541866 -0.557316 0.273496 -0.521622 0.553698 0.588667
1305031456.159429 -4.432910 6.539674 -0.532761 0.270600 -0.525988 0.554000 0.585830
1305031456.229429 -4.349184 6.554077 -0.460820 0.243395 -0.566487 0.532830 0.579607
1305031456.339458 -4.326067 6.564420 -0.453406 0.234795 -0.572675 0.538994 0.571315
1305031456.409482 -4.294159 6.594426 -0.428369 0.202007 -0.587956 0.562416 0.545150
1305031456.509512 -4.284019 6.615478 -0.416282 0.183326 -0.596576 0.574678 0.529372
1305031456.586295 -4.293258 6.642850 -0.377600 0.170746 -0.599339 0.593126 0.509746
1305031457.439407 -4.405659 6.721328 -0.370978 0.185486 -0.639254 0.568948 0.482957
1305031457.529429 -4.355626 6.746731 -0.221967 0.118611 -0.638113 0.630492 0.425703
1305031457.659408 -4.332268 6.753082 -0.190533 0.110131 -0.635627 0.636198 0.423204
1305031457.929461 -4.293648 6.761295 -0.124621 0.099221 -0.631833 0.651757 0.407620
1305031457.969388 -4.183818 6.799591 -0.032374 0.084124 -0.638105 0.666986 0.375333
1305031458.019374 -4.176209 6.815153 0.002525 0.089309 -0.631057 0.682453 0.357839
1305031458.029406 -4.163646 6.824316 0.006964 0.091045 -0.629587 0.685021 0.355075
1305031458.295907 -4.153390 6.834277 0.013926 0.093588 -0.628547 0.689630 0.347247
1305031458.549394 -4.115634 6.974854 0.062467 0.072009 -0.631399 0.695308 0.335704
1305031458.649376 -3.898823 6.930041 -0.070787 0.084994 -0.664504 0.610635 0.422298
1305031458.729374 -3.971430 6.975392 -0.046989 0.102029 -0.673657 0.618905 0.390810
1305031458.839387 -4.001802 7.017085 -0.046483 0.106334 -0.672340 0.607708 0.409076
1305031458.859403 -3.833159 6.847558 -0.078477 0.132916 -0.654256 0.562349 0.487900
1305031459.019437 -3.829445 6.861578 -0.093179 0.135452 -0.651794 0.559613 0.493610
1305031459.118314 -3.831060 6.913054 -0.080830 0.113081 -0.657421 0.568579 0.481381
1305031459.239396 -3.820848 6.977853 -0.033135 0.127525 -0.631971 0.594237 0.480866
1305031459.319412 -3.832696 7.017972 -0.005565 0.168133 -0.583075 0.606922 0.513225
1305031459.549428 -3.867016 7.046690 -0.008940 0.151658 -0.559490 0.626093 0.521516
1305031459.618876 -3.899132 7.262617 0.182779 0.174741 -0.667577 0.598351 0.407165
1305031459.839411 -3.912222 7.277254 0.217974 0.133733 -0.658915 0.626796 0.393792
1305031459.849394 -3.912383 7.336946 0.313032 0.094312 -0.672056 0.638932 0.362232
1305031460.259639 -3.908462 7.380203 0.358800 0.086855 -0.675843 0.632600 0.368115
1305031460.508674 -3.891245 7.509505 0.425425 0.072068 -0.637757 0.656446 0.396422
1305031461.019327 -3.800036 7.568924 0.435630 0.006727 -0.639702 0.682586 0.353289
1305031461.039343 -3.792418 7.581392 0.437162 0.010519 0.639467 -0.686571 -0.345820
1305031461.249414 -3.729522 7.785449 0.441206 0.088548 0.678259 -0.668668 -0.291561
1305031461.349349 -3.728895 7.797348 0.442092 0.085850 0.678163 -0.670465 -0.288447
1305031461.419337 -3.672575 7.966186 0.444133 0.121212 0.711259 -0.646852 -0.246982
1305031461.509912 -3.675066 7.983789 0.430992 0.131430 0.717134 -0.638746 -0.245863
1305031461.649354 -3.671739 7.986976 0.422820 0.131585 0.718383 -0.637110 -0.246380
1305031461.979347 -3.663296 7.970129 0.395290 0.136273 0.726187 -0.631223 -0.235882
1305031462.079340 -3.662226 7.967334 0.391790 0.140289 0.727815 -0.629824 -0.232219
1305031462.479297 -3.822979 7.708614 0.238860 0.011382 0.738188 -0.618446 -0.269208
1305031462.499344 -3.823715 7.700147 0.234714 0.020183 0.730850 -0.622849 -0.278406
1305031462.559285 -4.142422 7.485023 0.254952 0.113395 -0.742404 0.609102 0.254897
1305031462.679325 -4.149772 7.482365 0.256361 0.112882 -0.746960 0.600737 0.261578
1305031462.723372 -4.159824 7.472107 0.252352 0.120564 -0.751054 0.590962 0.268601
1305031462.899336 -4.181360 7.439819 0.259203 0.144575 -0.773201 0.556568 0.267377
1305031462.979368 -4.176645 7.395358 0.275206 0.154310 -0.806395 0.499399 0.276616
1305031463.102609 -4.173427 7.360113 0.269184 0.162477 -0.806568 0.494365 0.280451
1305031463.179368 -4.173200 7.343022 0.262369 0.173767 -0.806137 0.490182 0.282260
1305031463.339319 -4.155597 7.256965 0.247493 0.222966 -0.812234 0.458007 0.284241
1305031463.402971 -4.151138 7.240097 0.244333 0.227322 -0.814455 0.451756 0.284438
1305031463.503089 -4.132106 7.197071 0.224316 0.244375 -0.815358 0.441160 0.284340
1305031463.639321 -4.093781 7.124163 0.158543 0.272751 -0.812795 0.423394 0.292761
1305031463.839334 -4.045027 7.082512 0.121113 0.278472 -0.811453 0.422808 0.291943
1305031463.879300 -4.184223 7.063879 0.066273 0.353550 -0.784908 0.458847 0.219959
1305031463.939292 -4.138906 7.035292 0.072150 0.359019 -0.794211 0.442662 0.210676
1305031463.999314 -4.125581 7.019428 0.069301 0.367283 -0.794635 0.437851 0.204805
1305031464.179366 -4.071417 6.981884 0.072275 0.382866 -0.796664 0.420262 0.205232
1305031464.204365 -4.023115 6.942978 0.084944 0.398320 -0.802657 0.399235 0.194154
1305031464.299315 -3.990005 6.919794 0.103978 0.420525 -0.794911 0.391569 0.194803
1305031464.379288 -3.987280 6.892895 0.104597 0.446818 -0.782412 0.380685 0.208001
1305031464.439304 -3.932660 6.861392 0.087916 0.471429 -0.774211 0.347715 0.239679
1305031464.496538 -3.919800 6.847229 0.076623 0.481894 -0.771317 0.339375 0.240152
1305031464.539480 -3.888679 6.822912 0.073984 0.492785 -0.772965 0.323537 0.234547
1305031464.679409 -3.853056 6.791304 0.065566 0.502160 -0.772804 0.311248 0.231804
1305031464.759295 -3.832520 6.779080 0.063554 0.504841 -0.776465 0.299489 0.229227
1305031464.799277 -3.795160 6.769390 0.071172 0.507092 -0.779581 0.292355 0.222801
1305031464.897202 -3.643953 6.874239 0.026620 0.506451 -0.761857 0.328988 0.234197
1305031464.979326 -3.633278 6.866828 -0.011318 0.553108 -0.747590 0.274077 0.245077
1305031465.089316 -3.574978 6.891190 -0.020202 0.568329 -0.750712 0.230688 0.245389
1305031465.169343 -3.564826 6.896627 -0.039181 0.580542 -0.747949 0.217039 0.237567
1305031465.219313 -3.605266 6.928951 -0.144129 0.609882 -0.745404 0.145521 0.226364
1305031465.319297 -3.596133 6.967682 -0.173901 0.596964 -0.756919 0.108605 0.242717
1305031465.409280 -3.594974 7.012335 -0.239956 0.582042 -0.761007 0.085690 0.273409
1305031465.439291 -3.577682 7.043638 -0.306307 0.570989 -0.744761 0.083804 0.335081
1305031465.559370 -3.561803 7.047459 -0.337573 0.571900 -0.734998 0.084832 0.354276
1305031465.614939 -3.546920 7.043694 -0.400212 0.569807 -0.719756 0.090997 0.385994
1305031465.759303 -3.508668 7.046920 -0.475614 0.572828 -0.699821 0.092969 0.416505
1305031465.827682 -3.484500 7.034492 -0.560768 0.577497 -0.675099 0.104751 0.446952
1305031466.039264 -3.469624 7.020992 -0.655045 0.584655 -0.651210 0.124134 0.467649
1305031466.099272 -3.461416 6.980963 -0.873234 0.619398 -0.620447 0.164516 0.452024
1305031466.159257 -3.471170 6.962659 -0.919242 0.616157 -0.623821 0.164096 0.451963
1305031466.259257 -3.470433 6.955295 -0.942101 0.613235 -0.624588 0.159196 0.456606
1305031466.319314 -3.470847 6.930274 -0.981027 0.606047 -0.625243 0.148982 0.468596
1305031466.359267 -3.431301 6.921449 -1.043092 0.608012 -0.629747 0.119503 0.468465
1305031466.449328 -3.425983 6.906473 -1.059689 0.612146 -0.635603 0.119477 0.454985
1305031466.489289 -3.397750 6.889274 -1.074917 0.608852 -0.648542 0.115131 0.442083
1305031466.559262 -3.386341 6.865288 -1.114532 0.619110 -0.640433 0.108666 0.441293
1305031466.649340 -3.374623 6.865546 -1.136518 0.617206 -0.640015 0.103355 0.445821
1305031466.716330 -3.358196 6.868180 -1.156756 0.615229 -0.641588 0.101780 0.446653
1305031466.739244 -3.323290 6.872731 -1.211080 0.606797 -0.654595 0.090071 0.441804
1305031466.749314 -3.310346 6.860461 -1.252402 0.618522 -0.651227 0.086850 0.431036
1305031466.929225 -3.296944 6.867146 -1.269362 0.617594 -0.654542 0.074758 0.429609
1305031466.939262 -3.280279 6.875654 -1.279854 0.621211 -0.654593 0.068503 0.425338
1305031467.016742 -3.238998 6.867575 -1.352989 0.634935 -0.632392 0.042419 0.441745
1305031467.208204 -3.210270 6.876718 -1.386101 0.638455 -0.622068 0.029331 0.452267
1305031467.299244 -3.199425 6.878581 -1.398276 0.640566 -0.619929 0.023792 0.452545
1305031467.330101 -3.178602 6.882681 -1.425792 0.643091 -0.618785 0.014132 0.450932
1305031467.449272 -3.114689 6.893209 -1.505609 0.668344 -0.594459 -0.033676 0.445870
1305031467.549283 -3.087259 6.898461 -1.540635 0.666471 -0.588866 -0.057317 0.453617
1305031467.639247 -3.055851 6.902493 -1.578046 0.665764 -0.583911 -0.081247 0.457389
1305031467.859236 -3.036531 6.912017 -1.596347 0.666157 -0.581921 -0.084317 0.458797
1305031468.009231 -2.974322 7.003767 -1.611600 0.682818 -0.549855 -0.097029 0.471174
1305031468.069266 -2.970743 7.019268 -1.611979 0.686493 -0.542034 -0.094762 0.475337
1305031468.218340 -2.956375 7.134215 -1.600063 0.702334 -0.510511 -0.111161 0.483475
1305031468.359226 -2.945628 7.221345 -1.585282 0.706726 -0.500713 -0.124301 0.484123
1305031468.469356 -2.906580 7.310930 -1.542824 0.700524 -0.507619 -0.124501 0.485890
1305031468.559223 -2.877820 7.352888 -1.514975 0.695503 -0.514099 -0.121918 0.486944
1305031468.709222 -2.846470 7.393032 -1.472578 0.692137 -0.520525 -0.126794 0.483656
1305031468.749258 -2.803022 7.423403 -1.384695 0.698095 -0.514634 -0.147704 0.475392
1305031468.839283 -2.798258 7.430257 -1.373479 0.700753 -0.507727 -0.150400 0.478057
1305031468.949297 -2.785427 7.446520 -1.340802 0.703940 -0.500899 -0.156951 0.478472
1305031469.119222 -2.777510 7.470987 -1.306004 0.710481 -0.502203 -0.156230 0.467548
1305031469.159255 -2.780617 7.469689 -1.300174 0.706304 -0.510490 -0.152532 0.466122
1305031469.449259 -2.728479 7.512290 -1.157855 0.642312 -0.582568 -0.207803 0.452623
1305031469.589200 -2.734914 7.523965 -1.148621 0.637771 -0.592988 -0.213324 0.442839
1305031469.611188 -2.680856 7.733815 -1.284780 0.604632 -0.587752 -0.216893 0.491859
1305031469.689250 -2.697311 7.740167 -1.288596 0.598604 -0.591111 -0.221329 0.493228
1305031469.719204 -2.714868 7.742296 -1.292720 0.592776 -0.596381 -0.224181 0.492635
1305031469.811411 -2.735880 7.744489 -1.292486 0.589329 -0.602018 -0.224006 0.489986
1305031469.903606 -2.750970 7.747519 -1.294856 0.585551 -0.606662 -0.224241 0.488679
1305031470.234098 -2.864977 7.739648 -1.308246 0.555472 -0.627720 -0.227713 0.495545
1305031470.339185 -2.885997 7.733211 -1.310505 0.552009 -0.628195 -0.227237 0.499019
1305031470.449183 -2.604484 7.936544 -1.510925 0.463360 -0.541884 -0.312882 0.627505
1305031470.519191 -2.616056 7.900858 -1.503415 0.453106 -0.545811 -0.312455 0.631788
1305031470.659182 -2.626598 7.854262 -1.488467 0.452721 -0.543388 -0.311957 0.634394
1305031470.712390 -2.631982 7.818274 -1.471643 0.448182 -0.545832 -0.312211 0.635393
1305031470.859183 -2.640580 7.785854 -1.455974 0.436600 -0.551025 -0.309270 0.640394
1305031470.919184 -2.644434 7.776064 -1.448431 0.435525 -0.551990 -0.307900 0.640955
1305031471.019220 -2.647923 7.759290 -1.437821 0.429234 -0.561550 -0.301628 0.639875
1305031471.119224 -2.646321 7.714496 -1.395713 0.437419 -0.552261 -0.267307 0.657434
1305031471.259191 -2.637508 7.695107 -1.375407 0.447338 -0.550802 -0.238020 0.663213
1305031471.269167 -2.632436 7.681034 -1.366182 0.446063 -0.548044 -0.213321 0.674663
1305031471.359165 -2.631092 7.671840 -1.354066 0.441220 -0.554191 -0.205928 0.675123
1305031471.422253 -2.629954 7.670692 -1.347215 0.438429 -0.556449 -0.202553 0.676104
1305031471.489194 -2.627691 7.668245 -1.346418 0.439451 -0.557349 -0.195985 0.676635
1305031471.599231 -2.621100 7.647524 -1.329801 0.434494 -0.572516 -0.169378 0.674353
1305031471.639178 -2.619414 7.645155 -1.325767 0.430665 -0.574204 -0.167591 0.675818
1305031471.719143 -2.615249 7.639573 -1.322668 0.426418 -0.576106 -0.162724 0.678079
1305031471.779147 -2.609889 7.634245 -1.318309 0.424543 -0.583722 -0.156494 0.674197
1305031471.859149 -2.604578 7.626354 -1.315228 0.422573 -0.590801 -0.144379 0.671968
1305031472.006540 -2.602289 7.611199 -1.316957 0.406195 -0.608603 -0.120483 0.670889
1305031472.099191 -2.603050 7.610184 -1.315187 0.399226 -0.613218 -0.118242 0.671268
1305031472.159157 -2.613066 7.590883 -1.302022 0.372516 -0.649112 -0.104372 0.654974
1305031472.249180 -2.620907 7.576175 -1.299568 0.366915 -0.656425 -0.095110 0.652253
1305031472.399187 -2.620746 7.581707 -1.292328 0.360391 -0.659228 -0.100254 0.652292
1305031472.449133 -2.621119 7.579117 -1.289439 0.359956 -0.659108 -0.094090 0.653571
1305031472.459164 -2.614624 7.573606 -1.277417 0.364706 -0.654419 -0.074728 0.658134
1305031472.614681 -2.609289 7.582033 -1.273694 0.365020 -0.655533 -0.074882 0.656833
1305031472.649171 -2.605938 7.585189 -1.271827 0.366571 -0.653524 -0.071423 0.658354
1305031472.714791 -2.604841 7.582945 -1.275818 0.369272 -0.649762 -0.065330 0.661195
1305031472.759202 -2.603287 7.586362 -1.276006 0.367703 -0.648995 -0.065015 0.662852
1305031472.823910 -2.599894 7.594987 -1.274564 0.366462 -0.647253 -0.063638 0.665371
1305031472.899174 -2.598006 7.598844 -1.274336 0.367841 -0.645693 -0.062973 0.666189
1305031472.949181 -2.595734 7.605079 -1.273599 0.371974 -0.644942 -0.062286 0.664684
1305031473.019164 -2.595956 7.606416 -1.271265 0.374970 -0.644383 -0.057015 0.664016
1305031473.024132 -2.596500 7.611017 -1.271304 0.371756 -0.642399 -0.056220 0.667803
1305031473.159158 -2.598002 7.611673 -1.270535 0.370534 -0.642236 -0.054633 0.668769
1305031473.189176 -2.598245 7.612970 -1.270818 0.369880 -0.641232 -0.055796 0.669997
1305031473.315436 -2.598329 7.616112 -1.270912 0.371588 -0.641089 -0.058407 0.668966
1305031473.325436 -2.597394 7.617184 -1.267723 0.373747 -0.641055 -0.058538 0.667784
