1305031102.1758 1.336899 0.625555 1.645525 0.656743 0.614937 -0.295159 -0.321594
1305031102.2159 1.314670 0.628513 1.628822 0.659589 0.619621 -0.292425 -0.309030
1305031102.2758 1.301411 0.630355 1.621769 0.661204 0.621266 -0.290969 -0.303602
1305031102.3158 1.293250 0.631177 1.613009 0.662296 0.621132 -0.291875 -0.300614
1305031102.3458 1.284620 0.633230 1.603904 0.662437 0.622122 -0.292546 -0.297589
1305031102.3758 1.279074 0.628913 1.594763 0.661524 0.623811 -0.292201 -0.296421
1305031102.4159 1.274591 0.629845 1.584061 0.661821 0.626078 -0.292023 -0.291107
1305031102.4458 1.262205 0.634281 1.574588 0.663177 0.629242 -0.289365 -0.283757
1305031102.4758 1.251789 0.635646 1.566242 0.664224 0.631236 -0.285192 -0.281095
1305031102.5159 1.225301 0.636661 1.553392 0.665485 0.634949 -0.276731 -0.278189
1305031102.5759 1.215124 0.635389 1.547222 0.666427 0.632665 -0.276288 -0.281558
1305031102.6159 1.205371 0.630746 1.524927 0.666948 0.630687 -0.277907 -0.283164
1305031102.6759 1.194586 0.631253 1.516622 0.667982 0.630340 -0.277689 -0.281711
1305031102.7159 1.190186 0.632912 1.503203 0.668801 0.629239 -0.278965 -0.280965
1305031102.7458 1.178443 0.636914 1.493284 0.669132 0.630565 -0.276183 -0.279952
1305031102.7758 1.171583 0.635631 1.483175 0.669869 0.630333 -0.272839 -0.281985
1305031102.8159 1.160546 0.637224 1.473815 0.670838 0.630651 -0.269042 -0.282615
1305031102.8458 1.153726 0.633636 1.464541 0.670091 0.630878 -0.266089 -0.286647
1305031102.8758 1.147646 0.632319 1.454534 0.669425 0.630988 -0.264985 -0.288975
1305031102.9159 1.134698 0.617699 1.437751 0.667186 0.633526 -0.265086 -0.288509
1305031102.9759 1.127894 0.619823 1.427863 0.667489 0.633837 -0.270038 -0.282468
1305031103.0159 1.121124 0.619881 1.416881 0.667855 0.634064 -0.274071 -0.277162
1305031103.0458 1.111737 0.626244 1.408654 0.668284 0.633789 -0.277882 -0.272927
1305031103.0758 1.111366 0.625275 1.397633 0.668205 0.632157 -0.279599 -0.275141
1305031103.1158 1.104201 0.627168 1.389840 0.669756 0.631777 -0.279126 -0.272715
1305031103.1459 1.103035 0.627201 1.380066 0.670148 0.630913 -0.278839 -0.274043
1305031103.1758 1.095450 0.626094 1.364552 0.676766 0.630618 -0.272229 -0.264955
1305031103.2458 1.090400 0.619407 1.360726 0.681356 0.631093 -0.267098 -0.257166
1305031103.2758 1.080732 0.622080 1.358980 0.681228 0.635374 -0.269049 -0.244625
1305031103.3158 1.080700 0.628875 1.354707 0.679653 0.636629 -0.273560 -0.240709
1305031103.3459 1.078844 0.630168 1.354813 0.682128 0.636092 -0.270806 -0.238229
1305031103.3759 1.076066 0.628301 1.359746 0.683829 0.635923 -0.268269 -0.236668
1305031103.4158 1.079107 0.626026 1.363536 0.682569 0.636740 -0.269615 -0.236580
1305031103.4458 1.079284 0.627585 1.368889 0.680786 0.638702 -0.271276 -0.234520
1305031103.4759 1.080839 0.627780 1.376580 0.678364 0.640285 -0.272804 -0.235447
1305031103.5160 1.083270 0.627353 1.385881 0.675855 0.641126 -0.275064 -0.237731
1305031103.5458 1.090602 0.624585 1.395054 0.674582 0.639901 -0.278395 -0.240751
1305031103.5759 1.095289 0.623772 1.404964 0.673987 0.639293 -0.282118 -0.239700
1305031103.6159 1.100624 0.624811 1.414600 0.672280 0.639333 -0.287096 -0.238469
1305031103.6458 1.106961 0.626863 1.424552 0.670721 0.639320 -0.290896 -0.238292
1305031103.6758 1.114250 0.628375 1.434500 0.669489 0.639030 -0.293474 -0.239370
1305031103.7158 1.119284 0.629509 1.447039 0.668343 0.639314 -0.294189 -0.240930
1305031103.7458 1.130870 0.628535 1.457744 0.665339 0.640254 -0.295202 -0.245468
1305031103.7758 1.141568 0.628345 1.467766 0.663614 0.641980 -0.293700 -0.247424
1305031103.8159 1.154144 0.622827 1.478218 0.663016 0.643967 -0.290069 -0.248144
1305031103.8458 1.152136 0.622929 1.494395 0.663077 0.648927 -0.285543 -0.240185
1305031103.8758 1.157825 0.623741 1.508303 0.660962 0.650733 -0.287973 -0.238216
1305031103.9158 1.168177 0.624481 1.519838 0.658832 0.651414 -0.291127 -0.238421
1305031103.9458 1.174436 0.626925 1.532049 0.657024 0.652329 -0.293426 -0.238092
1305031103.9758 1.178529 0.633017 1.544264 0.655203 0.652436 -0.296463 -0.239054
1305031104.0158 1.190777 0.634706 1.556153 0.652504 0.651076 -0.298792 -0.247107
1305031104.0458 1.203212 0.636148 1.565035 0.650775 0.650364 -0.298307 -0.254029
1305031104.0759 1.207842 0.638340 1.577201 0.651193 0.649092 -0.295696 -0.259214
1305031104.1158 1.216744 0.636452 1.590638 0.651059 0.646976 -0.294105 -0.266544
1305031104.1458 1.226853 0.634977 1.602020 0.650382 0.645357 -0.294185 -0.271978
1305031104.1758 1.233849 0.635161 1.613485 0.650052 0.643598 -0.294963 -0.276063
1305031104.2159 1.242675 0.634614 1.623642 0.649294 0.641691 -0.296265 -0.280849
1305031104.2458 1.251868 0.635907 1.632770 0.648126 0.640205 -0.297620 -0.285471
1305031104.2759 1.260538 0.635787 1.640764 0.647792 0.638195 -0.297895 -0.290398
1305031104.3158 1.269856 0.635839 1.647499 0.647554 0.636288 -0.297261 -0.295714
1305031104.3460 1.278083 0.634917 1.655593 0.648686 0.634012 -0.295296 -0.300059
1305031104.3758 1.286422 0.630747 1.663146 0.649687 0.631997 -0.293221 -0.304152
1305031104.4158 1.294851 0.625245 1.670428 0.650589 0.630689 -0.292087 -0.306024
1305031104.4458 1.299908 0.620815 1.678126 0.651053 0.630730 -0.292107 -0.304930
1305031104.4758 1.303157 0.620418 1.686560 0.651161 0.630607 -0.294440 -0.302704
1305031104.5158 1.308848 0.623288 1.693858 0.649845 0.630029 -0.298585 -0.302675
1305031104.5458 1.311016 0.629548 1.703254 0.648813 0.629154 -0.301544 -0.303773
1305031104.5758 1.311498 0.637815 1.714961 0.648013 0.625227 -0.305071 -0.310004
1305031104.6159 1.324541 0.639252 1.720932 0.645944 0.618956 -0.308406 -0.323319
1305031104.6458 1.329703 0.638808 1.731033 0.645276 0.612831 -0.309465 -0.335095
1305031104.6759 1.338261 0.637887 1.739912 0.644027 0.604966 -0.313093 -0.348163
1305031104.7158 1.349412 0.638701 1.745380 0.642140 0.597231 -0.317372 -0.360897
1305031104.7458 1.359275 0.638305 1.749610 0.640551 0.589646 -0.320720 -0.373029
1305031104.7758 1.369609 0.639996 1.750823 0.639475 0.581932 -0.324391 -0.383663
1305031104.8158 1.378059 0.636320 1.751763 0.639421 0.574959 -0.325387 -0.393302
1305031104.8458 1.386482 0.630368 1.750080 0.639352 0.569807 -0.327070 -0.399468
1305031104.8758 1.390081 0.630789 1.746210 0.639772 0.566967 -0.328972 -0.401271
1305031104.9158 1.390601 0.628366 1.742465 0.639770 0.565769 -0.328909 -0.403012
1305031104.9458 1.392424 0.626235 1.732829 0.639871 0.565224 -0.329750 -0.402929
1305031104.9759 1.389152 0.629777 1.726615 0.641811 0.566756 -0.328156 -0.398973
1305031105.0158 1.384098 0.629622 1.719874 0.643195 0.569710 -0.324691 -0.395356
1305031105.0458 1.375767 0.630132 1.713794 0.644842 0.573575 -0.320414 -0.390545
1305031105.0758 1.364329 0.628660 1.709339 0.646504 0.576925 -0.316376 -0.386129
1305031105.1158 1.359634 0.623094 1.693315 0.646031 0.580882 -0.313821 -0.383063
1305031105.1458 1.350731 0.620562 1.681123 0.647904 0.588105 -0.307193 -0.374146
1305031105.1758 1.331880 0.620135 1.677052 0.651362 0.594717 -0.301031 -0.362517
1305031105.2159 1.321018 0.618420 1.665915 0.651924 0.600119 -0.299214 -0.354010
1305031105.2458 1.309062 0.617365 1.654270 0.653003 0.606278 -0.296918 -0.343299
1305031105.2758 1.293621 0.618132 1.645485 0.654621 0.612201 -0.295411 -0.330778
1305031105.3158 1.276924 0.621014 1.637556 0.655990 0.617000 -0.294869 -0.319438
1305031105.3458 1.263590 0.623727 1.627772 0.656172 0.619510 -0.296604 -0.312524
1305031105.3758 1.257398 0.623477 1.615239 0.655564 0.623022 -0.296649 -0.306721
1305031105.4158 1.240532 0.625177 1.606169 0.656815 0.626677 -0.294762 -0.298304
1305031105.4458 1.230209 0.625671 1.595861 0.656999 0.628562 -0.295029 -0.293633
1305031105.4761 1.219886 0.628020 1.585351 0.657873 0.630560 -0.294269 -0.288102
1305031105.5158 1.206341 0.628429 1.576783 0.660011 0.631339 -0.291926 -0.283859
1305031105.5459 1.196628 0.627300 1.566556 0.660489 0.632453 -0.290782 -0.281433
1305031105.5758 1.182076 0.629730 1.558300 0.661929 0.633283 -0.289492 -0.277483
1305031105.6158 1.173316 0.627699 1.548061 0.663736 0.631513 -0.289895 -0.276779
1305031105.6458 1.148350 0.639340 1.527471 0.664947 0.631701 -0.289966 -0.273347
1305031105.7158 1.144524 0.638697 1.513370 0.665200 0.629391 -0.289351 -0.278661
1305031105.7459 1.131274 0.642383 1.503543 0.666863 0.628677 -0.285770 -0.279990
1305031105.7758 1.122396 0.641593 1.491779 0.668315 0.626021 -0.283586 -0.284661
1305031105.8158 1.113243 0.644939 1.480653 0.669363 0.624056 -0.282873 -0.287211
1305031105.8458 1.108672 0.645391 1.467552 0.671762 0.620615 -0.280791 -0.291084
1305031105.8758 1.099596 0.645851 1.456567 0.676633 0.617245 -0.277216 -0.290391
1305031105.9159 1.093658 0.645938 1.444412 0.679477 0.615362 -0.274167 -0.290643
1305031105.9458 1.085963 0.646088 1.432872 0.682425 0.614825 -0.270232 -0.288551
1305031105.9758 1.078341 0.647621 1.422027 0.685217 0.614457 -0.266427 -0.286246
1305031106.0158 1.070279 0.646072 1.411797 0.687947 0.614394 -0.261521 -0.284351
1305031106.0458 1.063781 0.645169 1.401224 0.690340 0.614012 -0.258770 -0.281884
1305031106.0758 1.058958 0.643057 1.389959 0.692236 0.614670 -0.255419 -0.278839
1305031106.1158 1.049558 0.641610 1.381294 0.695346 0.615706 -0.251741 -0.272078
1305031106.1458 1.043024 0.641768 1.372728 0.696551 0.616607 -0.250737 -0.267850
1305031106.1758 1.034435 0.641208 1.366333 0.697763 0.617642 -0.249105 -0.263802
1305031106.2158 1.031062 0.640844 1.358745 0.699391 0.615600 -0.251441 -0.262041
1305031106.2458 1.030402 0.640246 1.350196 0.699518 0.615524 -0.252782 -0.260590
1305031106.2758 1.028434 0.639902 1.344127 0.702124 0.614493 -0.252219 -0.256525
1305031106.3158 1.031133 0.639882 1.336081 0.702509 0.615894 -0.251177 -0.253113
1305031106.3458 1.028595 0.643788 1.332811 0.700508 0.623147 -0.244114 -0.247758
1305031106.3758 1.021231 0.644640 1.336157 0.700637 0.627597 -0.233396 -0.246489
1305031106.4158 1.020006 0.639488 1.340350 0.699528 0.629598 -0.227157 -0.250333
1305031106.4458 1.021181 0.635922 1.345171 0.698608 0.630618 -0.226479 -0.250946
1305031106.4758 1.021235 0.634971 1.353268 0.697686 0.631683 -0.228741 -0.248774
1305031106.5159 1.026952 0.635459 1.360504 0.694591 0.633041 -0.233902 -0.249183
1305031106.5458 1.034019 0.634708 1.369100 0.692433 0.633570 -0.236998 -0.250914
1305031106.5758 1.042113 0.633214 1.377092 0.689535 0.636195 -0.238813 -0.250531
1305031106.6158 1.044848 0.632878 1.389167 0.687882 0.638635 -0.239167 -0.248521
1305031106.6458 1.055843 0.629315 1.399524 0.686111 0.638808 -0.242663 -0.249580
1305031106.6758 1.061565 0.627496 1.410320 0.684790 0.641201 -0.244952 -0.244790
1305031106.7158 1.070305 0.626137 1.422865 0.682744 0.642510 -0.250135 -0.241814
1305031106.7458 1.079281 0.628713 1.434503 0.680570 0.644122 -0.255637 -0.237868
1305031106.7758 1.091938 0.628485 1.444730 0.678695 0.645341 -0.259008 -0.236271
1305031106.8158 1.094084 0.628836 1.460695 0.677347 0.648171 -0.259469 -0.231845
1305031106.8458 1.104466 0.631761 1.473763 0.672517 0.649945 -0.264753 -0.234944
1305031106.8760 1.121319 0.630526 1.485066 0.668339 0.651367 -0.266507 -0.240870
1305031106.9158 1.125639 0.631965 1.500581 0.665906 0.654067 -0.265010 -0.241939
1305031106.9458 1.133025 0.632087 1.515884 0.663143 0.654271 -0.266107 -0.247704
1305031106.9758 1.154152 0.628590 1.527549 0.659345 0.653406 -0.268173 -0.257696
1305031107.0158 1.158271 0.627623 1.543108 0.659406 0.654667 -0.264343 -0.258297
1305031107.0458 1.166373 0.623052 1.559682 0.658149 0.653946 -0.264978 -0.262644
1305031107.0759 1.180975 0.623324 1.570049 0.655859 0.652918 -0.269449 -0.266354
1305031107.1158 1.193067 0.625420 1.579346 0.655280 0.652092 -0.270909 -0.268316
1305031107.1458 1.195104 0.628539 1.592573 0.655202 0.652094 -0.270696 -0.268715
1305031107.1758 1.201340 0.630488 1.605298 0.653297 0.651032 -0.272635 -0.273917
1305031107.2158 1.213436 0.630389 1.614829 0.652105 0.648387 -0.274717 -0.280862
1305031107.2458 1.219516 0.632409 1.625785 0.651563 0.646192 -0.275872 -0.286002
1305031107.2758 1.222894 0.634650 1.637405 0.650406 0.643990 -0.277530 -0.291934
1305031107.3158 1.228132 0.638573 1.649851 0.648353 0.640487 -0.281756 -0.300046
1305031107.3458 1.243693 0.638225 1.652992 0.646210 0.635553 -0.285511 -0.311398
1305031107.3758 1.248902 0.639986 1.659604 0.645215 0.632763 -0.286074 -0.318544
1305031107.4158 1.256784 0.641562 1.663025 0.644842 0.629374 -0.286861 -0.325235
1305031107.4458 1.259055 0.642703 1.666449 0.645857 0.626595 -0.285519 -0.329735
1305031107.4758 1.266328 0.644222 1.664972 0.646396 0.624229 -0.285024 -0.333574
1305031107.5158 1.265228 0.648128 1.665575 0.649184 0.623153 -0.282438 -0.332369
1305031107.5457 1.260688 0.650705 1.668920 0.651928 0.621245 -0.280988 -0.331799
1305031107.5758 1.267181 0.652360 1.662046 0.652511 0.618927 -0.282294 -0.333869
1305031107.6158 1.265798 0.654162 1.661183 0.654882 0.618778 -0.279597 -0.331766
1305031107.6458 1.264770 0.651859 1.661509 0.655696 0.618959 -0.277629 -0.331474
1305031107.6758 1.266238 0.651793 1.658430 0.656549 0.618650 -0.277586 -0.330397
1305031107.7157 1.266954 0.648495 1.653325 0.657552 0.619250 -0.276523 -0.328161
1305031107.7458 1.263273 0.650210 1.652662 0.657338 0.621815 -0.276281 -0.323917
1305031107.7758 1.262561 0.651565 1.649127 0.657656 0.622724 -0.276554 -0.321280
1305031107.8158 1.260418 0.655323 1.648340 0.658180 0.624218 -0.275259 -0.318408
1305031107.8459 1.255476 0.661614 1.648014 0.656620 0.626801 -0.273378 -0.318175
1305031107.8757 1.254185 0.664297 1.646305 0.655753 0.627010 -0.271180 -0.321414
1305031107.9158 1.251689 0.669858 1.645386 0.655862 0.625837 -0.269986 -0.324470
1305031107.9458 1.249044 0.676871 1.644344 0.656346 0.623916 -0.268498 -0.328402
1305031107.9758 1.249529 0.687015 1.641829 0.654788 0.622701 -0.267993 -0.334180
1305031108.0159 1.250106 0.698223 1.637902 0.656900 0.618346 -0.266076 -0.339609
1305031108.0458 1.246853 0.707955 1.636398 0.662258 0.611721 -0.261741 -0.344534
1305031108.0758 1.244536 0.713743 1.635009 0.662955 0.608914 -0.258383 -0.350646
1305031108.1158 1.245472 0.724833 1.631698 0.663499 0.606593 -0.257731 -0.354102
1305031108.1459 1.248833 0.733938 1.626388 0.666467 0.603537 -0.255518 -0.355351
1305031108.1758 1.244187 0.746790 1.624617 0.668230 0.605094 -0.251340 -0.352362
1305031108.2158 1.237305 0.765829 1.625301 0.668280 0.606345 -0.248571 -0.352079
1305031108.2458 1.241676 0.772889 1.620557 0.669206 0.603833 -0.245902 -0.356484
1305031108.2758 1.242151 0.777737 1.616791 0.671782 0.602992 -0.242172 -0.355617
1305031108.3157 1.240294 0.786735 1.612434 0.674799 0.603320 -0.239998 -0.350788
1305031108.3458 1.237888 0.795950 1.609727 0.679320 0.602265 -0.239626 -0.344064
1305031108.3758 1.235413 0.810356 1.607047 0.683778 0.601033 -0.241487 -0.335992
1305031108.4157 1.234274 0.823673 1.603652 0.688850 0.598217 -0.241861 -0.330341
1305031108.4459 1.229424 0.838612 1.603077 0.694220 0.594763 -0.242327 -0.324952
1305031108.4758 1.225543 0.860583 1.600902 0.697204 0.591295 -0.243569 -0.323960
1305031108.5158 1.225545 0.872730 1.600422 0.697047 0.588260 -0.241093 -0.331588
1305031108.5458 1.232961 0.878813 1.596913 0.695576 0.586086 -0.239259 -0.339754
1305031108.5759 1.230768 0.891445 1.595079 0.697828 0.583599 -0.234610 -0.342648
1305031108.6157 1.233873 0.897452 1.592264 0.700009 0.579824 -0.230461 -0.347389
1305031108.6457 1.235140 0.908845 1.588160 0.704169 0.575999 -0.225973 -0.348292
1305031108.6757 1.231019 0.916485 1.586034 0.709893 0.571306 -0.218061 -0.349444
1305031108.7158 1.228810 0.922929 1.584975 0.712269 0.568923 -0.213245 -0.351462
1305031108.7458 1.230693 0.929962 1.583101 0.714759 0.565826 -0.210808 -0.352874
1305031108.7758 1.229481 0.934730 1.584278 0.719270 0.561450 -0.208676 -0.351963
1305031108.8159 1.229278 0.937642 1.587038 0.722945 0.556794 -0.210967 -0.350464
1305031108.8257 1.231389 0.938391 1.588623 0.725237 0.553039 -0.215962 -0.348626
1305031108.8357 1.229699 0.940930 1.592611 0.727185 0.550027 -0.221323 -0.345959
1305031108.9458 1.231613 0.937564 1.596620 0.725435 0.549300 -0.226884 -0.347185
1305031108.9558 1.239780 0.933311 1.598151 0.721455 0.551566 -0.233727 -0.347347
1305031108.9758 1.241470 0.934499 1.598798 0.719942 0.554065 -0.236663 -0.344510
1305031109.0157 1.241802 0.926719 1.601629 0.718151 0.555904 -0.236583 -0.345339
1305031109.0458 1.248161 0.918094 1.599733 0.714238 0.560741 -0.236968 -0.345368
1305031109.0757 1.245781 0.912429 1.600797 0.713760 0.564307 -0.235153 -0.341771
1305031109.1157 1.243101 0.898567 1.603772 0.711947 0.567491 -0.234891 -0.340459
1305031109.1457 1.247744 0.891013 1.602567 0.708014 0.572121 -0.240366 -0.337073
1305031109.1757 1.252680 0.882527 1.598592 0.709555 0.573050 -0.242747 -0.330482
1305031109.2157 1.246930 0.872202 1.599998 0.715038 0.573125 -0.240114 -0.320303
1305031109.2457 1.237139 0.858698 1.607135 0.717750 0.573139 -0.240927 -0.313529
1305031109.2757 1.242977 0.847075 1.608014 0.714846 0.574950 -0.250405 -0.309395
1305031109.3157 1.245600 0.836946 1.606932 0.712256 0.579822 -0.256402 -0.301257
1305031109.3457 1.238497 0.829174 1.608313 0.710525 0.584717 -0.260489 -0.292242
1305031109.3757 1.241790 0.822230 1.607583 0.705634 0.590290 -0.266200 -0.287707
1305031109.4158 1.241364 0.811544 1.606312 0.701713 0.596941 -0.266632 -0.283139
1305031109.4457 1.236262 0.801376 1.608351 0.699938 0.601343 -0.265432 -0.279319
1305031109.4758 1.232599 0.789321 1.611291 0.697041 0.605023 -0.265721 -0.278343
1305031109.5158 1.234487 0.777971 1.611271 0.693823 0.606667 -0.268759 -0.279882
1305031109.5458 1.236057 0.765833 1.611578 0.693323 0.606948 -0.269583 -0.279720
1305031109.5757 1.236835 0.753416 1.612900 0.691433 0.609193 -0.270158 -0.278963
1305031109.6158 1.236445 0.745184 1.612747 0.690690 0.610590 -0.271233 -0.276693
1305031109.6457 1.237809 0.730661 1.613211 0.692783 0.609534 -0.270613 -0.274387
1305031109.6757 1.239739 0.718879 1.611254 0.691718 0.611791 -0.271799 -0.270856
1305031109.7157 1.236447 0.706831 1.609424 0.691631 0.614579 -0.270830 -0.265687
1305031109.7457 1.233161 0.696779 1.607375 0.691811 0.616072 -0.270600 -0.261971
1305031109.7758 1.233717 0.682680 1.606440 0.691470 0.617503 -0.269665 -0.260461
1305031109.8157 1.231523 0.671079 1.603928 0.691370 0.619344 -0.269741 -0.256243
1305031109.8457 1.228918 0.655050 1.602539 0.690273 0.622530 -0.268640 -0.252610
1305031109.8758 1.221832 0.643808 1.601697 0.686106 0.628178 -0.270219 -0.248259
1305031109.9158 1.226243 0.632573 1.594232 0.682314 0.631778 -0.272142 -0.247472
1305031109.9457 1.219408 0.619707 1.593043 0.680057 0.637109 -0.268896 -0.243538
1305031109.9758 1.216634 0.608119 1.590041 0.675466 0.643059 -0.267620 -0.242075
1305031110.0157 1.212924 0.596194 1.587963 0.671611 0.648567 -0.264773 -0.241238
1305031110.0457 1.212257 0.582603 1.585753 0.668805 0.652453 -0.262211 -0.241351
1305031110.0757 1.207937 0.567635 1.584466 0.666920 0.657050 -0.258203 -0.238398
1305031110.1157 1.200830 0.555382 1.587276 0.664531 0.660940 -0.257566 -0.234981
1305031110.1458 1.205493 0.545518 1.580992 0.662518 0.662480 -0.260453 -0.233142
1305031110.1757 1.199283 0.534171 1.581808 0.661932 0.665510 -0.258804 -0.227952
1305031110.2158 1.195337 0.523824 1.582012 0.661039 0.666680 -0.261194 -0.224371
1305031110.2457 1.194454 0.517490 1.581309 0.658695 0.667787 -0.265672 -0.222712
1305031110.2757 1.195713 0.503680 1.582401 0.656113 0.668854 -0.268416 -0.223836
1305031110.3157 1.198194 0.493255 1.580867 0.653610 0.670133 -0.272615 -0.222255
1305031110.3457 1.198180 0.481825 1.580805 0.649479 0.673333 -0.276122 -0.220356
1305031110.3757 1.204304 0.469773 1.578759 0.645375 0.676106 -0.280554 -0.218314
1305031110.4157 1.203987 0.460978 1.575835 0.642281 0.680618 -0.281701 -0.211845
1305031110.4457 1.198923 0.448141 1.575966 0.637256 0.686709 -0.282163 -0.206689
1305031110.4757 1.198929 0.437928 1.574804 0.632461 0.690667 -0.286360 -0.202411
1305031110.5157 1.203121 0.428655 1.571394 0.628068 0.694321 -0.289786 -0.198679
1305031110.5457 1.204460 0.420079 1.567504 0.623812 0.699494 -0.290336 -0.193060
1305031110.5757 1.194846 0.414809 1.567365 0.621609 0.703826 -0.289166 -0.186047
1305031110.6157 1.193670 0.405926 1.568200 0.618363 0.705994 -0.290542 -0.186507
1305031110.6457 1.201292 0.398195 1.566891 0.615736 0.707469 -0.292368 -0.186754
1305031110.6757 1.196319 0.393081 1.565999 0.615252 0.709630 -0.290918 -0.182363
1305031110.7157 1.194514 0.387919 1.566842 0.613745 0.711204 -0.291103 -0.181013
1305031110.7457 1.197764 0.385337 1.562875 0.612065 0.711687 -0.293250 -0.181338
1305031110.7758 1.197988 0.381919 1.563869 0.611278 0.712872 -0.292223 -0.180990
1305031110.8157 1.196782 0.378052 1.564536 0.610025 0.714741 -0.291463 -0.179064
1305031110.8457 1.196385 0.382546 1.564523 0.609221 0.714970 -0.294271 -0.176275
1305031110.8757 1.197718 0.383033 1.562808 0.608121 0.715805 -0.294793 -0.175810
1305031110.9158 1.196492 0.387986 1.560698 0.606361 0.717022 -0.296480 -0.174085
1305031110.9457 1.198369 0.398894 1.558173 0.605774 0.717155 -0.297606 -0.173659
1305031110.9757 1.194331 0.406805 1.554692 0.608112 0.716367 -0.293960 -0.174946
1305031111.0157 1.195377 0.410616 1.557233 0.611619 0.713837 -0.290286 -0.179145
1305031111.0458 1.198428 0.414446 1.556084 0.614566 0.712129 -0.287449 -0.180425
1305031111.0757 1.192559 0.425064 1.555464 0.618068 0.710202 -0.285899 -0.178511
1305031111.1157 1.190532 0.434054 1.556131 0.619311 0.708863 -0.285177 -0.180669
1305031111.1457 1.191356 0.448898 1.553568 0.619615 0.707365 -0.285844 -0.184406
1305031111.1757 1.193327 0.454331 1.556432 0.624590 0.703298 -0.280360 -0.191464
1305031111.2157 1.189393 0.458418 1.558450 0.626125 0.702582 -0.276974 -0.193988
1305031111.2458 1.187616 0.476585 1.557540 0.626620 0.700065 -0.280946 -0.195770
1305031111.2757 1.197756 0.480472 1.560568 0.629951 0.695396 -0.279759 -0.203275
1305031111.3157 1.197282 0.487369 1.557057 0.629946 0.696705 -0.279185 -0.199565
1305031111.3457 1.186258 0.508184 1.559606 0.631698 0.695596 -0.282373 -0.193313
1305031111.3757 1.194557 0.513115 1.561413 0.630462 0.694038 -0.285317 -0.198552
1305031111.4157 1.190954 0.534691 1.553061 0.624735 0.698264 -0.290378 -0.194458
1305031111.4457 1.186942 0.558828 1.549022 0.625721 0.695982 -0.290794 -0.198798
1305031111.4760 1.189729 0.565315 1.553302 0.629186 0.692066 -0.284570 -0.210213
1305031111.5157 1.188568 0.572824 1.553439 0.631850 0.688315 -0.281448 -0.218578
1305031111.5458 1.197255 0.577821 1.554647 0.638088 0.680524 -0.277662 -0.229420
1305031111.5758 1.197144 0.580981 1.557427 0.644566 0.675358 -0.273744 -0.231281
1305031111.6157 1.189548 0.605497 1.556985 0.648029 0.670536 -0.280532 -0.227467
1305031111.6457 1.200561 0.625022 1.551385 0.652688 0.661775 -0.284402 -0.234879
1305031111.6757 1.199057 0.635537 1.548776 0.656022 0.658558 -0.278923 -0.241117
1305031111.7157 1.198464 0.648486 1.545403 0.660926 0.651271 -0.274746 -0.252066
1305031111.7457 1.204840 0.658822 1.542011 0.667321 0.642267 -0.266402 -0.266846
1305031111.7757 1.202379 0.663585 1.544152 0.671579 0.637040 -0.256623 -0.278039
1305031111.8157 1.206934 0.672884 1.546250 0.674660 0.631633 -0.252060 -0.286947
1305031111.8458 1.209024 0.676045 1.546788 0.679766 0.626231 -0.246421 -0.291598
1305031111.8757 1.204183 0.681670 1.551935 0.683951 0.622460 -0.246169 -0.290095
1305031111.9157 1.207235 0.698457 1.549870 0.687119 0.617450 -0.254073 -0.286480
1305031111.9457 1.209675 0.726014 1.545416 0.690593 0.612507 -0.259736 -0.283642
1305031111.9758 1.208866 0.740245 1.544637 0.691531 0.610241 -0.255924 -0.289643
1305031112.0157 1.211614 0.753745 1.544185 0.690929 0.608236 -0.252382 -0.298276
1305031112.0458 1.212965 0.768689 1.543542 0.692811 0.604450 -0.246045 -0.306781
1305031112.0757 1.217067 0.769297 1.544392 0.691233 0.603429 -0.238354 -0.318210
1305031112.1157 1.219603 0.788942 1.541535 0.687783 0.606322 -0.235666 -0.322163
1305031112.1457 1.219733 0.803197 1.541148 0.689532 0.604893 -0.224780 -0.328822
1305031112.1757 1.212147 0.810361 1.542378 0.689579 0.604578 -0.213923 -0.336456
1305031112.2158 1.210969 0.823387 1.544630 0.687468 0.602732 -0.209590 -0.346662
1305031112.2457 1.211788 0.827806 1.545448 0.685711 0.600414 -0.205967 -0.356203
1305031112.2757 1.209621 0.838811 1.547846 0.683741 0.599213 -0.207344 -0.361180
1305031112.3157 1.212735 0.849706 1.547432 0.682586 0.595935 -0.212410 -0.365814
1305031112.3458 1.215391 0.858962 1.548350 0.683499 0.592416 -0.217144 -0.367042
1305031112.3757 1.217830 0.872411 1.548637 0.684668 0.589952 -0.222223 -0.365791
1305031112.4157 1.216316 0.885146 1.549943 0.687832 0.585701 -0.226028 -0.364353
1305031112.4457 1.219214 0.892076 1.550398 0.692322 0.578514 -0.231553 -0.363861
1305031112.4757 1.220198 0.902172 1.551633 0.695562 0.574060 -0.237899 -0.360628
1305031112.5157 1.221351 0.912730 1.552937 0.696520 0.571801 -0.243220 -0.358814
1305031112.5459 1.223984 0.921029 1.552652 0.698385 0.568342 -0.248529 -0.357042
1305031112.5757 1.229942 0.938642 1.550096 0.701287 0.564220 -0.253510 -0.354379
1305031112.6157 1.230025 0.948387 1.548889 0.707647 0.558114 -0.250087 -0.353838
1305031112.6458 1.228025 0.951521 1.549482 0.711920 0.554253 -0.244765 -0.355053
1305031112.6758 1.229267 0.953893 1.547834 0.714496 0.551810 -0.241205 -0.356119
1305031112.7157 1.235692 0.954954 1.542280 0.717998 0.548905 -0.238355 -0.355485
1305031112.7457 1.229472 0.954521 1.543863 0.723608 0.547779 -0.230411 -0.351056
1305031112.7757 1.225988 0.946895 1.546015 0.724058 0.548780 -0.227771 -0.350287
1305031112.8157 1.229605 0.943533 1.541032 0.721756 0.552490 -0.230597 -0.347346
1305031112.8457 1.227516 0.942838 1.540271 0.723760 0.553097 -0.231088 -0.341838
1305031112.8757 1.225554 0.935246 1.540912 0.725670 0.553038 -0.231458 -0.337609
1305031112.9157 1.223518 0.930319 1.540976 0.724325 0.556442 -0.233982 -0.333133
1305031112.9457 1.223816 0.928201 1.540532 0.721416 0.560693 -0.238247 -0.329274
1305031112.9757 1.227779 0.923268 1.539380 0.720318 0.562596 -0.240703 -0.326634
1305031113.0157 1.226325 0.916575 1.540612 0.719858 0.566259 -0.238716 -0.322754
1305031113.0458 1.219303 0.907401 1.546386 0.717143 0.571330 -0.237698 -0.320605
1305031113.0757 1.224732 0.897475 1.547868 0.711540 0.576221 -0.242355 -0.320849
1305031113.1157 1.227112 0.888546 1.547850 0.710650 0.578948 -0.242668 -0.317661
1305031113.1457 1.220447 0.876683 1.552100 0.712965 0.579084 -0.241386 -0.313170
1305031113.1757 1.222504 0.864377 1.555329 0.711561 0.579833 -0.247104 -0.310507
1305031113.2159 1.225532 0.856072 1.556169 0.710051 0.583020 -0.252437 -0.303630
1305031113.2457 1.215921 0.846675 1.560936 0.710859 0.585128 -0.254726 -0.295667
1305031113.2757 1.213144 0.833757 1.567465 0.709868 0.584213 -0.263268 -0.292357
1305031113.3157 1.224042 0.825965 1.567918 0.703315 0.587460 -0.276677 -0.289289
1305031113.3457 1.221005 0.810213 1.566479 0.700786 0.592279 -0.279970 -0.282349
1305031113.3757 1.214388 0.798776 1.568965 0.698549 0.594814 -0.285513 -0.276962
1305031113.4157 1.220294 0.782882 1.566166 0.691553 0.600098 -0.291125 -0.277278
1305031113.4457 1.217996 0.768371 1.566459 0.687178 0.607173 -0.292231 -0.271529
1305031113.4757 1.211291 0.755680 1.567571 0.685548 0.611846 -0.293217 -0.263993
1305031113.5157 1.206026 0.739891 1.567565 0.682316 0.616422 -0.294995 -0.259705
1305031113.5457 1.209774 0.725229 1.565383 0.677130 0.620808 -0.298138 -0.259240
1305031113.5757 1.207437 0.713082 1.564682 0.673989 0.625681 -0.297575 -0.256343
1305031113.6158 1.205196 0.701993 1.564181 0.672374 0.628977 -0.295752 -0.254621
1305031113.6457 1.203458 0.687513 1.565208 0.670800 0.631436 -0.293508 -0.255283
1305031113.6757 1.200651 0.676579 1.564658 0.667815 0.634785 -0.292236 -0.256259
1305031113.7157 1.200816 0.664892 1.564315 0.664956 0.637336 -0.290065 -0.259803
1305031113.7458 1.198454 0.647838 1.566761 0.663150 0.639155 -0.286626 -0.263738
1305031113.7757 1.199371 0.635844 1.566086 0.662020 0.639508 -0.286762 -0.265570
1305031113.8157 1.199489 0.623072 1.564181 0.660718 0.641092 -0.284424 -0.267498
1305031113.8457 1.191170 0.604882 1.569036 0.658574 0.643868 -0.281349 -0.269364
1305031113.8757 1.195061 0.594542 1.564544 0.656569 0.642978 -0.286094 -0.271378
1305031113.9157 1.192831 0.586022 1.564057 0.654753 0.643623 -0.286543 -0.273754
1305031113.9457 1.192746 0.570385 1.564211 0.651148 0.645343 -0.285578 -0.279256
1305031113.9757 1.194710 0.551858 1.564006 0.647399 0.646941 -0.284930 -0.284879
1305031114.0157 1.192630 0.532282 1.564792 0.645787 0.647984 -0.285849 -0.285247
1305031114.0457 1.191936 0.518823 1.564765 0.642974 0.649110 -0.291118 -0.283708
1305031114.0757 1.194552 0.507043 1.562484 0.638086 0.651926 -0.296198 -0.283029
1305031114.1157 1.192502 0.496369 1.560196 0.634429 0.655163 -0.299528 -0.280258
1305031114.1457 1.187355 0.488131 1.560788 0.631502 0.656928 -0.302457 -0.279591
1305031114.1757 1.195954 0.472737 1.555596 0.628607 0.657131 -0.304098 -0.283825
1305031114.2157 1.191250 0.455551 1.554971 0.626346 0.660919 -0.302197 -0.282053
1305031114.2456 1.190025 0.438209 1.555519 0.623635 0.663395 -0.304765 -0.279473
1305031114.2757 1.189193 0.430941 1.552469 0.621154 0.665755 -0.310927 -0.272510
1305031114.3157 1.185770 0.427000 1.550952 0.617323 0.669686 -0.314756 -0.267137
1305031114.3457 1.182747 0.420237 1.550469 0.613606 0.673102 -0.315675 -0.266028
1305031114.3757 1.182577 0.406952 1.549924 0.609906 0.675771 -0.315838 -0.267572
1305031114.4157 1.182643 0.393794 1.549073 0.607887 0.677356 -0.317873 -0.265744
1305031114.4456 1.179338 0.382511 1.549267 0.605116 0.679918 -0.321601 -0.260997
1305031114.4757 1.180733 0.379111 1.547649 0.600775 0.683204 -0.327402 -0.255165
1305031114.5157 1.176337 0.378413 1.547790 0.600671 0.684879 -0.329419 -0.248231
1305031114.5457 1.174112 0.373766 1.548719 0.603040 0.683508 -0.330011 -0.245463
1305031114.5756 1.175173 0.367167 1.547410 0.604892 0.682851 -0.329550 -0.243345
1305031114.6157 1.170845 0.358900 1.547254 0.606397 0.684282 -0.327449 -0.238366
1305031114.6456 1.167405 0.353830 1.548299 0.604615 0.687175 -0.328984 -0.232379
1305031114.6757 1.164273 0.357557 1.547585 0.603301 0.688050 -0.333312 -0.226976
1305031114.7157 1.162685 0.357926 1.548393 0.599560 0.690800 -0.335152 -0.225822
1305031114.7457 1.165578 0.359992 1.548709 0.595962 0.692370 -0.337512 -0.227021
1305031114.7757 1.169038 0.360446 1.546416 0.595496 0.692264 -0.337859 -0.228050
1305031114.8156 1.168965 0.362099 1.547048 0.593734 0.693960 -0.337585 -0.227892
1305031114.8457 1.172246 0.366927 1.544341 0.593645 0.693586 -0.338788 -0.227479
1305031114.8757 1.173609 0.371408 1.542911 0.593507 0.694070 -0.338776 -0.226377
1305031114.9157 1.174110 0.382698 1.540390 0.592930 0.695651 -0.338354 -0.223652
1305031114.9456 1.175327 0.387025 1.539162 0.593853 0.696326 -0.334764 -0.224504
1305031114.9757 1.177160 0.394232 1.535526 0.594488 0.697845 -0.331463 -0.222999
1305031115.0157 1.170140 0.405840 1.533462 0.596302 0.698934 -0.327549 -0.220517
1305031115.0457 1.173296 0.413542 1.531428 0.597453 0.698770 -0.324271 -0.222753
1305031115.0756 1.169344 0.429336 1.526941 0.600575 0.698116 -0.320538 -0.221810
1305031115.1157 1.166325 0.435855 1.527903 0.605838 0.695615 -0.312402 -0.226903
1305031115.1457 1.167424 0.440477 1.527186 0.608901 0.693992 -0.308167 -0.229450
1305031115.1756 1.157510 0.459079 1.524673 0.611855 0.692309 -0.307880 -0.227048
1305031115.2157 1.155465 0.470741 1.525099 0.614858 0.687896 -0.307367 -0.232969
1305031115.2457 1.161430 0.483664 1.520030 0.617938 0.683558 -0.308638 -0.235887
1305031115.2757 1.149878 0.503400 1.515331 0.623871 0.678961 -0.307166 -0.235471
1305031115.3156 1.157628 0.509223 1.514912 0.627753 0.673196 -0.302370 -0.247599
1305031115.3456 1.164199 0.509186 1.511644 0.633560 0.669678 -0.296867 -0.249003
1305031115.3757 1.155120 0.527908 1.510307 0.635205 0.671914 -0.297961 -0.237204
1305031115.4157 1.152434 0.552154 1.505135 0.638461 0.669915 -0.300689 -0.230579
1305031115.4457 1.152220 0.565099 1.501891 0.643231 0.667254 -0.298687 -0.227623
1305031115.4756 1.144219 0.594759 1.494745 0.646575 0.665321 -0.299535 -0.222637
1305031115.5156 1.143180 0.607876 1.492692 0.654948 0.657639 -0.291304 -0.231725
1305031115.5457 1.146007 0.615627 1.495164 0.662223 0.650514 -0.283390 -0.240795
1305031115.5757 1.146960 0.627721 1.495882 0.667609 0.644762 -0.280221 -0.245064
1305031115.6157 1.147511 0.641277 1.497870 0.674361 0.637283 -0.277740 -0.248933
1305031115.6457 1.150839 0.648191 1.502857 0.681958 0.628577 -0.277162 -0.251007
1305031115.6757 1.155357 0.671987 1.497767 0.686328 0.622272 -0.283304 -0.247933
1305031115.7157 1.153760 0.694968 1.493326 0.692015 0.615844 -0.282491 -0.249098
1305031115.7457 1.157404 0.708636 1.495649 0.698594 0.607590 -0.278629 -0.255277
1305031115.7757 1.163667 0.722576 1.495080 0.705768 0.598804 -0.274850 -0.260352
1305031115.8156 1.163143 0.732727 1.496076 0.714081 0.590910 -0.266810 -0.264054
1305031115.8457 1.160965 0.741665 1.500327 0.720508 0.583594 -0.263065 -0.266614
1305031115.8756 1.166558 0.759264 1.495595 0.723029 0.578105 -0.265863 -0.268962
1305031115.9156 1.168602 0.772455 1.491847 0.728120 0.571777 -0.262897 -0.271656
1305031115.9457 1.171528 0.784059 1.487648 0.732833 0.565974 -0.259936 -0.273974
1305031115.9857 1.172692 0.802593 1.482233 0.736759 0.561980 -0.254953 -0.276339
1305031116.0156 1.172622 0.809372 1.477608 0.741814 0.556533 -0.243688 -0.283900
1305031116.0457 1.176274 0.811605 1.470095 0.747337 0.550015 -0.233600 -0.290522
1305031116.0757 1.173206 0.823216 1.465684 0.753258 0.545862 -0.223308 -0.291152
1305031116.1157 1.167991 0.830093 1.463738 0.758272 0.541647 -0.213652 -0.293249
1305031116.1457 1.169605 0.837040 1.458616 0.761340 0.537378 -0.209375 -0.296223
1305031116.1757 1.169456 0.846881 1.455296 0.765371 0.533728 -0.203854 -0.296286
1305031116.2157 1.165901 0.861040 1.455245 0.769492 0.530005 -0.198939 -0.295634
1305031116.2457 1.168125 0.867991 1.455075 0.773204 0.523908 -0.192707 -0.300900
1305031116.2757 1.169757 0.875493 1.453894 0.777384 0.518686 -0.185867 -0.303466
1305031116.3156 1.158072 0.884435 1.458102 0.781997 0.515011 -0.178388 -0.302361
1305031116.3457 1.157565 0.888602 1.461327 0.781815 0.512283 -0.178623 -0.307288
1305031116.3757 1.168617 0.886039 1.457691 0.781752 0.506966 -0.182507 -0.313913
1305031116.4157 1.171940 0.888017 1.457658 0.787405 0.500022 -0.183041 -0.310592
1305031116.4456 1.167741 0.895579 1.464458 0.790465 0.498185 -0.183436 -0.305498
1305031116.4757 1.170846 0.894227 1.467152 0.787678 0.501001 -0.185231 -0.307002
1305031116.5157 1.173010 0.883731 1.467743 0.784578 0.502998 -0.184451 -0.312104
1305031116.5456 1.174099 0.875192 1.468474 0.782779 0.505778 -0.185088 -0.311749
1305031116.5757 1.169618 0.868888 1.472885 0.778870 0.513132 -0.187066 -0.308323
1305031116.6157 1.171880 0.857538 1.474460 0.771847 0.522297 -0.192043 -0.307534
1305031116.6457 1.173306 0.848324 1.475537 0.765228 0.531643 -0.196404 -0.305298
1305031116.6756 1.176191 0.834919 1.476058 0.758529 0.539884 -0.198133 -0.306433
1305031116.7157 1.177078 0.819419 1.476720 0.751508 0.549917 -0.197438 -0.306341
1305031116.7457 1.176030 0.805789 1.478169 0.745256 0.559761 -0.196385 -0.304456
1305031116.7757 1.169430 0.790171 1.484353 0.740540 0.567634 -0.194844 -0.302370
1305031116.8156 1.171426 0.770402 1.486643 0.733902 0.575122 -0.199499 -0.301369
1305031116.8456 1.170701 0.753415 1.486631 0.728427 0.583122 -0.204315 -0.296005
1305031116.8757 1.168290 0.737560 1.490102 0.723436 0.590294 -0.210370 -0.289721
1305031116.9157 1.170887 0.724024 1.488655 0.715421 0.600147 -0.219183 -0.282763
1305031116.9456 1.168573 0.706156 1.487700 0.706106 0.610759 -0.224555 -0.279216
1305031116.9756 1.169856 0.688928 1.487441 0.697341 0.619704 -0.231170 -0.276122
1305031117.0157 1.173410 0.673593 1.484454 0.690870 0.626384 -0.237294 -0.272090
1305031117.0457 1.172992 0.661624 1.483218 0.684967 0.634007 -0.241585 -0.265501
1305031117.0757 1.171872 0.648153 1.483560 0.681606 0.638900 -0.246810 -0.257497
1305031117.1159 1.175330 0.640659 1.479381 0.678215 0.642775 -0.254102 -0.249594
1305031117.1457 1.173512 0.633932 1.475907 0.672813 0.649660 -0.257687 -0.242614
1305031117.1756 1.172626 0.630125 1.471986 0.668851 0.654117 -0.261342 -0.237632
1305031117.2157 1.175218 0.630596 1.465307 0.666994 0.656630 -0.262765 -0.234330
1305031117.2456 1.170054 0.631123 1.465243 0.665602 0.661055 -0.258123 -0.230984
1305031117.2756 1.165142 0.627018 1.467668 0.666633 0.662588 -0.252934 -0.229352
1305031117.3156 1.159901 0.627004 1.471217 0.666577 0.664164 -0.251329 -0.226705
1305031117.3457 1.156678 0.626371 1.473941 0.666180 0.664490 -0.251567 -0.226654
1305031117.3757 1.152356 0.623846 1.478250 0.666341 0.663995 -0.252844 -0.226208
1305031117.4156 1.152215 0.625532 1.481210 0.665470 0.663176 -0.256811 -0.226707
1305031117.4456 1.147401 0.624592 1.486752 0.666165 0.662071 -0.258137 -0.226389
1305031117.4757 1.141381 0.626041 1.492635 0.666202 0.660782 -0.261628 -0.226037
1305031117.5156 1.140899 0.624083 1.496403 0.664838 0.659245 -0.265520 -0.229969
1305031117.5456 1.137387 0.622537 1.500643 0.662567 0.659943 -0.267793 -0.231877
1305031117.5757 1.131771 0.621791 1.505099 0.662651 0.659399 -0.269503 -0.231203
1305031117.6157 1.124967 0.622053 1.508872 0.662383 0.658689 -0.272441 -0.230553
1305031117.6457 1.120251 0.620968 1.511652 0.661734 0.658788 -0.274687 -0.229463
1305031117.6756 1.109915 0.623146 1.516454 0.662608 0.658432 -0.276581 -0.225658
1305031117.7156 1.100502 0.624658 1.521160 0.663990 0.656944 -0.279106 -0.222803
1305031117.7457 1.095307 0.625080 1.523217 0.663984 0.656060 -0.282140 -0.221602
1305031117.7757 1.081888 0.629707 1.528435 0.665008 0.655922 -0.283610 -0.217016
1305031117.8156 1.073118 0.635460 1.531151 0.664430 0.654955 -0.286658 -0.217702
1305031117.8457 1.065764 0.635994 1.535820 0.665235 0.653794 -0.285342 -0.220444
1305031117.8757 1.053060 0.635509 1.541524 0.665830 0.653616 -0.283724 -0.221263
1305031117.9156 1.046658 0.636498 1.543608 0.665904 0.652585 -0.283959 -0.223766
1305031117.9456 1.038007 0.633530 1.547316 0.666864 0.652649 -0.281053 -0.224391
1305031117.9756 1.022353 0.636399 1.552524 0.667612 0.653535 -0.279437 -0.221586
1305031118.0157 1.012652 0.636429 1.556330 0.667851 0.652861 -0.279118 -0.223249
1305031118.0457 1.003662 0.640654 1.559895 0.667136 0.653592 -0.278880 -0.223545
1305031118.0757 0.991345 0.645233 1.564384 0.667676 0.653380 -0.276612 -0.225365
1305031118.1156 0.983902 0.641369 1.568263 0.667654 0.652727 -0.273540 -0.231002
1305031118.1457 0.971027 0.642687 1.574128 0.667552 0.653355 -0.271027 -0.232478
1305031118.1756 0.960850 0.638713 1.580414 0.668676 0.651015 -0.270557 -0.236327
1305031118.2156 0.953773 0.638269 1.584140 0.667117 0.650634 -0.273525 -0.238357
1305031118.2456 0.942051 0.641786 1.589786 0.665980 0.650323 -0.276040 -0.239483
1305031118.2757 0.935350 0.641787 1.593902 0.663978 0.648903 -0.280355 -0.243843
1305031118.3156 0.931957 0.646063 1.594970 0.662127 0.647747 -0.283943 -0.247766
1305031118.3457 0.924867 0.641924 1.600480 0.660825 0.647294 -0.283651 -0.252712
1305031118.3756 0.923925 0.639897 1.602575 0.659387 0.646792 -0.286567 -0.254457
1305031118.4156 0.921302 0.642576 1.602915 0.660825 0.644840 -0.288356 -0.253658
1305031118.4457 0.916797 0.643381 1.603587 0.661859 0.643609 -0.289605 -0.252664
1305031118.4757 0.919674 0.648268 1.601982 0.661551 0.642287 -0.292726 -0.253238
1305031118.5156 0.922926 0.646614 1.599811 0.661494 0.642868 -0.290853 -0.254067
1305031118.5456 0.922705 0.650291 1.597203 0.662304 0.643305 -0.289526 -0.252362
1305031118.5756 0.926249 0.651629 1.594421 0.661414 0.644547 -0.287449 -0.253898
1305031118.6156 0.934124 0.647725 1.591835 0.660833 0.645727 -0.283817 -0.256484
1305031118.6456 0.937868 0.645535 1.588087 0.661004 0.647558 -0.279912 -0.255718
1305031118.6756 0.938984 0.642908 1.585473 0.659839 0.649868 -0.277703 -0.255275
1305031118.7156 0.950831 0.638101 1.580787 0.658820 0.649114 -0.280680 -0.256565
1305031118.7456 0.966856 0.639597 1.571810 0.657463 0.650579 -0.283258 -0.253484
1305031118.7756 0.964066 0.644011 1.571765 0.658030 0.653930 -0.280704 -0.246125
1305031118.8156 0.976068 0.647435 1.567202 0.657307 0.652060 -0.284705 -0.248411
1305031118.8456 0.999981 0.645222 1.556225 0.655126 0.651736 -0.285237 -0.254341
1305031118.8756 1.004093 0.645084 1.554904 0.655085 0.654275 -0.281343 -0.252258
1305031118.9156 1.017527 0.644119 1.550382 0.654060 0.654693 -0.280699 -0.254539
1305031118.9456 1.032464 0.639038 1.544649 0.652204 0.656916 -0.277699 -0.256854
1305031118.9756 1.041485 0.636430 1.540583 0.652117 0.659335 -0.274353 -0.254461
1305031119.0157 1.050557 0.633704 1.537509 0.652331 0.660452 -0.272712 -0.252776
1305031119.0456 1.061640 0.629576 1.533995 0.651811 0.661144 -0.273346 -0.251621
1305031119.0757 1.072000 0.629568 1.530850 0.651200 0.661872 -0.275927 -0.248450
1305031119.1156 1.085085 0.627778 1.526093 0.650970 0.661789 -0.278720 -0.246145
1305031119.1457 1.090030 0.629484 1.524512 0.649943 0.663517 -0.281031 -0.241538
1305031119.1757 1.104437 0.630879 1.519265 0.649296 0.662009 -0.285546 -0.242121
1305031119.2156 1.115431 0.629636 1.514992 0.649216 0.661615 -0.286974 -0.241723
1305031119.2457 1.125819 0.630409 1.510299 0.648677 0.661863 -0.288253 -0.240969
1305031119.2756 1.134740 0.627362 1.506641 0.650230 0.660383 -0.288503 -0.240546
1305031119.3156 1.143168 0.625195 1.503515 0.651002 0.659128 -0.290420 -0.239589
1305031119.3457 1.156606 0.625694 1.495340 0.649861 0.658866 -0.293792 -0.239296
1305031119.3756 1.163537 0.628673 1.490069 0.650144 0.659223 -0.293575 -0.237806
1305031119.4156 1.170503 0.627974 1.485293 0.651077 0.658959 -0.291305 -0.238775
1305031119.4456 1.182798 0.625778 1.478750 0.650639 0.658164 -0.291040 -0.242456
1305031119.4756 1.192164 0.620878 1.474305 0.652188 0.657650 -0.288334 -0.242922
1305031119.5157 1.202097 0.620405 1.466653 0.653164 0.656910 -0.288642 -0.241934
1305031119.5456 1.214894 0.620554 1.456765 0.653685 0.656651 -0.287783 -0.242252
1305031119.5756 1.218773 0.617854 1.454167 0.656226 0.657265 -0.282541 -0.239877
1305031119.6156 1.230947 0.616086 1.444569 0.657128 0.656925 -0.281654 -0.239383
1305031119.6456 1.239219 0.618712 1.434358 0.657322 0.658627 -0.278296 -0.238096
1305031119.6756 1.242631 0.615312 1.430060 0.662282 0.657595 -0.270688 -0.235966
1305031119.7157 1.248291 0.610853 1.426110 0.666666 0.655372 -0.267458 -0.233475
1305031119.7457 1.254019 0.609375 1.419282 0.668425 0.655009 -0.267210 -0.229718
1305031119.7756 1.260941 0.610287 1.411746 0.671198 0.652901 -0.268326 -0.226308
1305031119.8156 1.267436 0.611199 1.404370 0.674267 0.650830 -0.267687 -0.223895
1305031119.8456 1.269893 0.611835 1.402086 0.675055 0.651099 -0.265410 -0.223447
1305031119.8757 1.283620 0.609986 1.393542 0.675507 0.649292 -0.266152 -0.226437
1305031119.9155 1.287611 0.609606 1.387608 0.677026 0.650002 -0.262382 -0.224250
1305031119.9456 1.291767 0.609392 1.384309 0.678069 0.650285 -0.258489 -0.224801
1305031119.9756 1.301604 0.607195 1.378184 0.680990 0.648706 -0.254795 -0.224750
1305031120.0156 1.295176 0.605400 1.382043 0.684336 0.650875 -0.246685 -0.217238
1305031120.0456 1.295328 0.603740 1.382146 0.685548 0.650406 -0.247176 -0.214244
1305031120.0756 1.298607 0.603489 1.380395 0.686066 0.650032 -0.248802 -0.211824
1305031120.1156 1.293542 0.605041 1.381199 0.687058 0.650398 -0.247870 -0.208552
1305031120.1456 1.288071 0.606512 1.384175 0.688988 0.648382 -0.248527 -0.207679
1305031120.1756 1.283522 0.605221 1.388295 0.688080 0.647590 -0.250503 -0.210766
1305031120.2156 1.282560 0.605311 1.389951 0.685386 0.648033 -0.253021 -0.215129
1305031120.2456 1.277114 0.605524 1.393497 0.683841 0.648256 -0.253925 -0.218283
1305031120.2757 1.269483 0.606865 1.397636 0.681820 0.649268 -0.254807 -0.220557
1305031120.3156 1.263508 0.607172 1.401046 0.679813 0.649323 -0.256696 -0.224368
1305031120.3456 1.250374 0.609299 1.406921 0.679192 0.650041 -0.257028 -0.223790
1305031120.3756 1.238724 0.610231 1.410667 0.677155 0.648751 -0.261814 -0.228115
1305031120.4156 1.236255 0.610293 1.411775 0.674544 0.646569 -0.268301 -0.234423
1305031120.4456 1.221669 0.612707 1.416905 0.674068 0.646127 -0.270556 -0.234418
1305031120.4756 1.212598 0.610876 1.420273 0.672763 0.643395 -0.276570 -0.238624
1305031120.5156 1.206592 0.610691 1.422147 0.671018 0.640659 -0.284301 -0.241794
1305031120.5456 1.199209 0.610335 1.424920 0.670735 0.638509 -0.290162 -0.241302
1305031120.5756 1.187611 0.614584 1.428377 0.669953 0.637377 -0.296390 -0.238888
1305031120.6156 1.181107 0.616085 1.430611 0.667612 0.636193 -0.302377 -0.241081
1305031120.6456 1.173534 0.618408 1.432796 0.666588 0.635378 -0.305857 -0.241675
1305031120.6757 1.165498 0.619332 1.437424 0.666388 0.634407 -0.307721 -0.242411
1305031120.7156 1.155512 0.620195 1.442803 0.665618 0.634744 -0.309730 -0.241082
1305031120.7457 1.144094 0.625023 1.447730 0.664256 0.635131 -0.312949 -0.239658
1305031120.7756 1.139859 0.625695 1.450050 0.662611 0.634570 -0.315540 -0.242286
1305031120.8156 1.128649 0.627187 1.455333 0.661569 0.636564 -0.314821 -0.240833
1305031120.8456 1.119194 0.631346 1.460651 0.659887 0.637163 -0.316134 -0.242141
1305031120.8856 1.115101 0.630535 1.464051 0.658831 0.637097 -0.315910 -0.245460
1305031120.9156 1.105234 0.630857 1.470181 0.657924 0.638620 -0.314545 -0.245686
1305031120.9457 1.096395 0.630404 1.475716 0.656687 0.639855 -0.313956 -0.246536
1305031120.9856 1.087363 0.631655 1.482043 0.655526 0.640459 -0.314847 -0.246921
1305031121.0156 1.082287 0.630892 1.487645 0.655209 0.640439 -0.314610 -0.248113
1305031121.0456 1.070250 0.630926 1.496652 0.654541 0.641498 -0.314712 -0.247008
1305031121.0856 1.064410 0.631324 1.501410 0.653220 0.641037 -0.317514 -0.248111
1305031121.1156 1.056465 0.632058 1.508607 0.652701 0.641023 -0.318510 -0.248239
1305031121.1456 1.048441 0.633349 1.514508 0.651607 0.641158 -0.320454 -0.248262
1305031121.1856 1.038940 0.637429 1.520611 0.650732 0.640958 -0.322022 -0.249044
1305031121.2156 1.034282 0.632706 1.525235 0.650586 0.639891 -0.321445 -0.252884
1305031121.2456 1.023209 0.635425 1.531294 0.651020 0.639889 -0.322679 -0.250185
1305031121.2856 1.013275 0.638160 1.538101 0.650850 0.638854 -0.324636 -0.250740
1305031121.3156 1.007766 0.636034 1.542643 0.650722 0.637575 -0.326743 -0.251592
1305031121.3456 0.994333 0.642174 1.547078 0.650176 0.637481 -0.329569 -0.249547
1305031121.3856 0.988698 0.641457 1.552830 0.648360 0.636742 -0.331065 -0.254134
1305031121.4156 0.982669 0.641029 1.557854 0.648579 0.635799 -0.331537 -0.255320
1305031121.4456 0.968717 0.645988 1.563930 0.649982 0.634311 -0.331747 -0.255179
1305031121.4856 0.968325 0.640534 1.569932 0.649940 0.631999 -0.332149 -0.260446
1305031121.5156 0.962799 0.640454 1.573682 0.650603 0.632026 -0.331146 -0.260001
1305031121.5456 0.950206 0.642355 1.579282 0.651274 0.632955 -0.328849 -0.258978
1305031121.5856 0.943500 0.643151 1.584102 0.650834 0.632903 -0.328030 -0.261238
1305031121.6156 0.938824 0.644906 1.587852 0.650328 0.633386 -0.325174 -0.264874
1305031121.6456 0.932123 0.639549 1.593302 0.651816 0.633737 -0.319556 -0.267204
1305031121.6856 0.925059 0.638345 1.598609 0.653187 0.632970 -0.318590 -0.266824
1305031121.7156 0.920242 0.637656 1.599796 0.653822 0.633098 -0.317461 -0.266311
1305031121.7457 0.912123 0.639385 1.603330 0.656061 0.632111 -0.316717 -0.264027
1305031121.7856 0.907689 0.642906 1.604451 0.657626 0.631079 -0.316557 -0.262792
1305031121.8156 0.904711 0.640665 1.606381 0.660613 0.629173 -0.314544 -0.262286
1305031121.8457 0.902377 0.639674 1.607826 0.665145 0.625674 -0.314391 -0.259367
1305031121.8856 0.900731 0.641922 1.608593 0.666430 0.625335 -0.315510 -0.255501
1305031121.9156 0.899789 0.645357 1.606542 0.665211 0.626275 -0.317673 -0.253688
1305031121.9456 0.903951 0.644706 1.604026 0.665041 0.626265 -0.317371 -0.254537
1305031121.9856 0.906285 0.643881 1.603153 0.663740 0.628133 -0.316249 -0.254726
1305031122.0156 0.912477 0.643255 1.600633 0.660596 0.630552 -0.316928 -0.256072
1305031122.0456 0.918208 0.643532 1.596918 0.657952 0.632867 -0.316823 -0.257297
1305031122.0858 0.929360 0.640902 1.592395 0.655007 0.634834 -0.316576 -0.260254
1305031122.1156 0.936267 0.641225 1.587589 0.651746 0.638687 -0.315005 -0.260918
1305031122.1556 0.947480 0.640894 1.582941 0.648335 0.641125 -0.314132 -0.264464
1305031122.1856 0.965267 0.635139 1.575407 0.645968 0.644523 -0.309537 -0.267400
1305031122.2156 0.965989 0.634181 1.571271 0.646303 0.648509 -0.303770 -0.263537
1305031122.2556 0.979615 0.630168 1.565201 0.645006 0.649809 -0.303137 -0.264241
1305031122.2856 0.993233 0.626097 1.557808 0.643039 0.654867 -0.299206 -0.261010
1305031122.3156 0.998407 0.627097 1.553438 0.642775 0.659119 -0.296026 -0.254501
1305031122.3556 1.008515 0.623428 1.548295 0.643213 0.661381 -0.293507 -0.250411
1305031122.3855 1.013734 0.621859 1.545759 0.643307 0.663940 -0.292953 -0.243965
1305031122.4156 1.025681 0.621276 1.540621 0.642946 0.664827 -0.295508 -0.239377
1305031122.4555 1.033698 0.621899 1.536449 0.642351 0.666986 -0.296829 -0.233254
1305031122.4856 1.043225 0.624931 1.531975 0.640544 0.669272 -0.298886 -0.229009
1305031122.5156 1.053169 0.627618 1.526913 0.639519 0.671050 -0.298654 -0.226965
1305031122.5555 1.062105 0.625520 1.522325 0.639539 0.672016 -0.295989 -0.227541
1305031122.5856 1.069244 0.620645 1.520613 0.640967 0.671567 -0.294490 -0.226793
1305031122.6157 1.081498 0.620619 1.514513 0.640299 0.670895 -0.297684 -0.226499
1305031122.6456 1.092304 0.618089 1.509691 0.640528 0.670218 -0.298807 -0.226376
1305031122.6856 1.101486 0.615681 1.505556 0.641716 0.668949 -0.300921 -0.223951
1305031122.7156 1.115027 0.618733 1.497802 0.640304 0.669232 -0.304472 -0.222343
1305031122.7556 1.126721 0.617018 1.490410 0.640617 0.670320 -0.302363 -0.221037
1305031122.7856 1.129926 0.619573 1.485603 0.641729 0.672472 -0.298447 -0.216548
1305031122.8156 1.137130 0.622525 1.478590 0.641773 0.673567 -0.294982 -0.217762
1305031122.8556 1.146580 0.617519 1.474746 0.645279 0.672365 -0.287826 -0.220671
1305031122.8856 1.149905 0.612587 1.473580 0.648331 0.672150 -0.282247 -0.219587
1305031122.9156 1.156299 0.611525 1.470226 0.649405 0.671727 -0.281169 -0.219088
1305031122.9556 1.166322 0.608092 1.464863 0.652177 0.669417 -0.281032 -0.218096
1305031122.9856 1.169452 0.609152 1.461441 0.654253 0.668836 -0.280832 -0.213881
1305031123.0155 1.175432 0.609171 1.456817 0.655094 0.667642 -0.281511 -0.214145
1305031123.0557 1.188210 0.607362 1.449720 0.656555 0.665038 -0.282893 -0.215944
1305031123.0856 1.196762 0.607134 1.442365 0.658707 0.664000 -0.281470 -0.214437
1305031123.1156 1.202855 0.606779 1.436304 0.659524 0.664446 -0.279599 -0.212986
1305031123.1555 1.212057 0.609867 1.427150 0.660641 0.663913 -0.278784 -0.212257
1305031123.1855 1.218587 0.609791 1.420491 0.662545 0.664484 -0.272672 -0.212474
1305031123.2155 1.229268 0.608424 1.411931 0.664511 0.664976 -0.266975 -0.212029
1305031123.2555 1.231801 0.609643 1.405279 0.669046 0.665070 -0.259832 -0.206268
1305031123.2856 1.235435 0.610500 1.399211 0.671591 0.665600 -0.253382 -0.204304
1305031123.3156 1.240010 0.609930 1.393301 0.674286 0.665582 -0.247051 -0.203237
1305031123.3456 1.245749 0.611481 1.385927 0.678628 0.663280 -0.242547 -0.201730
1305031123.3856 1.248109 0.611281 1.381635 0.681555 0.662310 -0.237086 -0.201541
1305031123.4156 1.255296 0.611016 1.377181 0.683908 0.661021 -0.234367 -0.200979
1305031123.4555 1.262029 0.611761 1.370109 0.687892 0.658372 -0.232401 -0.198344
1305031123.4856 1.265623 0.612241 1.365287 0.690339 0.657343 -0.229854 -0.196213
1305031123.5155 1.271530 0.613373 1.361080 0.691883 0.656444 -0.229659 -0.194001
1305031123.5556 1.276111 0.614590 1.354362 0.694285 0.654621 -0.229447 -0.191817
1305031123.5755 1.284103 0.617099 1.349291 0.695205 0.653816 -0.229303 -0.191402
1305031123.6155 1.287756 0.618597 1.343110 0.696553 0.654243 -0.225646 -0.189377
1305031123.6556 1.291946 0.620994 1.338648 0.698683 0.653828 -0.221389 -0.187981
1305031123.6856 1.296425 0.622136 1.334698 0.701219 0.653037 -0.216737 -0.186706
1305031123.7155 1.296852 0.622363 1.331380 0.703379 0.652353 -0.213495 -0.184696
1305031123.7555 1.298842 0.622824 1.329892 0.704332 0.651936 -0.213292 -0.182763
1305031123.7856 1.300185 0.622148 1.329773 0.705498 0.651197 -0.212581 -0.181727
1305031123.8155 1.300384 0.621722 1.330231 0.707146 0.649948 -0.212075 -0.180378
1305031123.8555 1.298184 0.621296 1.329915 0.706734 0.650158 -0.213135 -0.179984
1305031123.8855 1.297081 0.621479 1.332318 0.705654 0.650198 -0.215672 -0.181056
1305031123.9155 1.297597 0.621361 1.335217 0.706793 0.649069 -0.216065 -0.180191
1305031123.9556 1.288565 0.619386 1.336893 0.707728 0.649041 -0.215694 -0.177038
1305031123.9856 1.282626 0.618835 1.341091 0.705402 0.649383 -0.221071 -0.178433
1305031124.0155 1.280276 0.619018 1.345429 0.704081 0.648902 -0.225875 -0.179378
1305031124.0555 1.270472 0.618031 1.348573 0.703844 0.649114 -0.227528 -0.177443
1305031124.0855 1.260163 0.620292 1.353293 0.701207 0.649536 -0.233260 -0.178892
1305031124.1155 1.259018 0.621023 1.357762 0.698118 0.650107 -0.237530 -0.183226
1305031124.1456 1.247034 0.621708 1.361945 0.696860 0.651587 -0.237766 -0.182450
1305031124.1855 1.238652 0.622697 1.364841 0.693780 0.651610 -0.243030 -0.187111
1305031124.2155 1.237156 0.620531 1.370868 0.692044 0.650609 -0.246949 -0.191830
1305031124.2455 1.227978 0.619527 1.375571 0.690823 0.651789 -0.249238 -0.189246
1305031124.2855 1.215146 0.620562 1.382451 0.689136 0.652264 -0.253516 -0.188077
1305031124.3155 1.210701 0.621331 1.385397 0.686060 0.652183 -0.260012 -0.190714
1305031124.3455 1.201432 0.623938 1.389817 0.683559 0.652834 -0.264286 -0.191592
1305031124.3856 1.192733 0.625219 1.395748 0.681380 0.652422 -0.268755 -0.194517
1305031124.4155 1.184866 0.626412 1.400688 0.677910 0.652308 -0.274275 -0.199260
1305031124.4456 1.176253 0.625895 1.407130 0.674366 0.652680 -0.278497 -0.204153
1305031124.4756 1.171593 0.625131 1.410728 0.670529 0.652277 -0.284469 -0.209770
1305031124.5155 1.164039 0.624155 1.416032 0.667070 0.653217 -0.287812 -0.213283
1305031124.5455 1.153491 0.624757 1.423267 0.663959 0.654512 -0.291088 -0.214569
1305031124.5755 1.144062 0.625730 1.429288 0.660831 0.654859 -0.295676 -0.216883
1305031124.6155 1.135578 0.626322 1.435035 0.657824 0.655527 -0.299442 -0.218827
1305031124.6556 1.123157 0.629369 1.441438 0.655061 0.656322 -0.302989 -0.219849
1305031124.6756 1.115612 0.630421 1.446266 0.652350 0.656292 -0.305946 -0.223867
1305031124.7155 1.103506 0.630129 1.454068 0.651034 0.656896 -0.306301 -0.225436
1305031124.7455 1.092184 0.631185 1.460374 0.649172 0.657003 -0.309094 -0.226679
1305031124.7755 1.083246 0.631625 1.464845 0.648007 0.656583 -0.311366 -0.228116
1305031124.8155 1.068644 0.632280 1.471246 0.647491 0.657412 -0.311696 -0.226739
1305031124.8555 1.055090 0.638473 1.475369 0.646209 0.657421 -0.314258 -0.226834
1305031124.8756 1.047395 0.637693 1.478320 0.646374 0.656255 -0.313718 -0.230459
1305031124.9156 1.033481 0.638340 1.482655 0.647799 0.656761 -0.310889 -0.228845
1305031124.9556 1.015525 0.637672 1.491212 0.649512 0.655346 -0.310351 -0.228776
1305031124.9758 1.007195 0.635025 1.496549 0.648534 0.653435 -0.314774 -0.230963
1305031125.0155 1.000724 0.639552 1.497273 0.647360 0.652689 -0.319089 -0.230443
1305031125.0555 0.988157 0.639458 1.503262 0.650085 0.650948 -0.317944 -0.229278
1305031125.0755 0.975983 0.639405 1.508925 0.650395 0.650273 -0.319189 -0.228580
1305031125.1155 0.969050 0.642874 1.511725 0.647449 0.650607 -0.322477 -0.231363
1305031125.1556 0.965867 0.640994 1.514124 0.649097 0.649064 -0.320732 -0.233496
1305031125.1756 0.951177 0.640409 1.520773 0.650913 0.650010 -0.316824 -0.231131
1305031125.2155 0.939643 0.639362 1.526718 0.649062 0.651134 -0.316953 -0.232988
1305031125.2555 0.937010 0.639645 1.531208 0.648062 0.650441 -0.318595 -0.235455
1305031125.2756 0.924835 0.641279 1.535093 0.648943 0.649993 -0.317739 -0.235423
1305031125.3155 0.921399 0.639797 1.539057 0.645775 0.650936 -0.318530 -0.240406
1305031125.3462 0.914708 0.643870 1.540566 0.644062 0.653050 -0.316705 -0.241677
1305031125.3756 0.909822 0.644257 1.543067 0.645752 0.651910 -0.312317 -0.245917
1305031125.4156 0.902186 0.642061 1.545784 0.647137 0.652875 -0.305784 -0.247917
1305031125.4556 0.894182 0.642440 1.549714 0.647582 0.652695 -0.302946 -0.250700
1305031125.4756 0.894385 0.639309 1.551110 0.647884 0.652034 -0.300128 -0.254994
1305031125.5156 0.891513 0.640853 1.552335 0.647949 0.652681 -0.297370 -0.256400
1305031125.5555 0.888249 0.641463 1.553116 0.648035 0.653778 -0.293400 -0.257956
1305031125.5755 0.883124 0.639998 1.557287 0.649165 0.653068 -0.290629 -0.260042
1305031125.6156 0.884982 0.634267 1.560297 0.649967 0.649628 -0.293313 -0.263617
1305031125.6556 0.896685 0.630120 1.558682 0.647824 0.648322 -0.299292 -0.265381
1305031125.6756 0.896390 0.632783 1.559109 0.646970 0.648369 -0.304547 -0.261339
1305031125.7155 0.911126 0.635825 1.554647 0.644925 0.646449 -0.311077 -0.263450
1305031125.7555 0.917455 0.636641 1.551690 0.642702 0.648857 -0.310855 -0.263225
1305031125.7755 0.927905 0.637428 1.547196 0.641971 0.649102 -0.310810 -0.264457
1305031125.8155 0.932990 0.635936 1.543817 0.641918 0.650888 -0.307245 -0.264360
1305031125.8455 0.943383 0.631302 1.540861 0.641552 0.651082 -0.306833 -0.265249
1305031125.8755 0.954092 0.626095 1.536636 0.642381 0.652159 -0.305980 -0.261557
1305031125.9155 0.957587 0.625163 1.534455 0.643495 0.653128 -0.308606 -0.253181
1305031125.9457 0.969429 0.627987 1.527416 0.642851 0.652895 -0.315355 -0.247025
1305031125.9755 0.978429 0.632890 1.519755 0.641251 0.655252 -0.318485 -0.240852
1305031126.0155 0.988256 0.637429 1.511549 0.641951 0.656000 -0.318568 -0.236806
1305031126.0455 0.996200 0.638231 1.504188 0.643930 0.656841 -0.314879 -0.234022
1305031126.0756 1.001421 0.639255 1.498192 0.645088 0.658397 -0.311566 -0.230873
1305031126.1155 1.014296 0.636575 1.489193 0.647165 0.657456 -0.309428 -0.230615
1305031126.1455 1.022408 0.635567 1.480863 0.649282 0.659120 -0.305173 -0.225529
1305031126.1755 1.026752 0.638223 1.474842 0.650399 0.661006 -0.302405 -0.220463
1305031126.2155 1.038635 0.638313 1.466159 0.651299 0.661517 -0.299979 -0.219586
1305031126.2455 1.047026 0.637863 1.458709 0.652330 0.663009 -0.295591 -0.217968
1305031126.2755 1.057219 0.638923 1.450300 0.653371 0.664434 -0.290685 -0.217109
1305031126.3155 1.063496 0.637029 1.445956 0.655165 0.665948 -0.283628 -0.216395
1305031126.3456 1.072179 0.634506 1.440348 0.655989 0.667361 -0.278299 -0.216468
1305031126.3757 1.080971 0.633620 1.434351 0.656730 0.669173 -0.273532 -0.214695
1305031126.4155 1.086249 0.631701 1.431630 0.659209 0.669656 -0.268549 -0.211860
1305031126.4455 1.095085 0.628768 1.427567 0.661776 0.668257 -0.267235 -0.209932
1305031126.4756 1.108083 0.627427 1.418859 0.662815 0.667821 -0.267655 -0.207492
1305031126.5155 1.112063 0.630656 1.412429 0.664576 0.669214 -0.264500 -0.201322
1305031126.5459 1.118917 0.631910 1.407286 0.667263 0.668673 -0.260948 -0.198853
1305031126.5756 1.124644 0.630911 1.402231 0.669871 0.668726 -0.256247 -0.196000
1305031126.6155 1.125398 0.632587 1.399862 0.672831 0.668399 -0.252108 -0.192309
1305031126.6455 1.131437 0.632273 1.397231 0.676555 0.665504 -0.250380 -0.191541
1305031126.6756 1.136933 0.634473 1.393044 0.679270 0.663843 -0.249177 -0.189248
1305031126.7155 1.137663 0.635558 1.393307 0.681961 0.662243 -0.247234 -0.187721
1305031126.7456 1.144638 0.636339 1.390552 0.683923 0.659690 -0.248309 -0.188152
1305031126.7755 1.148490 0.639339 1.387222 0.684825 0.658726 -0.247880 -0.188811
1305031126.8156 1.152955 0.639716 1.385786 0.686026 0.657699 -0.245387 -0.191274
1305031126.8455 1.156741 0.640124 1.382848 0.686645 0.656954 -0.244612 -0.192600
1305031126.8760 1.158391 0.641119 1.383307 0.686585 0.657406 -0.242666 -0.193731
1305031126.9155 1.160914 0.639999 1.383642 0.688237 0.655977 -0.241705 -0.193916
1305031126.9455 1.158703 0.641534 1.384357 0.688906 0.655729 -0.242384 -0.191517
1305031126.9756 1.158244 0.642151 1.385040 0.688500 0.655578 -0.243933 -0.191528
1305031127.0156 1.160655 0.642495 1.385009 0.688701 0.654600 -0.245686 -0.191910
1305031127.0455 1.159138 0.641063 1.386071 0.688797 0.654861 -0.244977 -0.191580
1305031127.0755 1.156970 0.639171 1.388422 0.689040 0.654667 -0.245906 -0.190171
1305031127.1155 1.153381 0.639398 1.389691 0.688341 0.654936 -0.248827 -0.187966
1305031127.1455 1.154665 0.638252 1.389325 0.686577 0.655140 -0.252481 -0.188831
1305031127.1756 1.152609 0.639027 1.388803 0.685945 0.655210 -0.254403 -0.188303
1305031127.2155 1.148315 0.639051 1.390393 0.684916 0.655627 -0.255192 -0.189527
1305031127.2455 1.149357 0.637064 1.391858 0.683766 0.655561 -0.256304 -0.192386
1305031127.2755 1.144975 0.637020 1.392193 0.682970 0.656615 -0.256395 -0.191496
1305031127.3155 1.138308 0.638408 1.394748 0.681903 0.657306 -0.258170 -0.190541
1305031127.3456 1.139482 0.636292 1.394802 0.680822 0.656661 -0.260741 -0.193113
1305031127.3755 1.136000 0.635022 1.396333 0.680391 0.657346 -0.260557 -0.192549
1305031127.4154 1.128816 0.636990 1.399385 0.680004 0.658127 -0.261313 -0.190208
1305031127.4455 1.131425 0.635010 1.398317 0.678630 0.657969 -0.263540 -0.192575
1305031127.4755 1.128434 0.634855 1.398399 0.677903 0.659355 -0.263136 -0.190938
1305031127.5155 1.122034 0.636637 1.401228 0.677977 0.659947 -0.263262 -0.188444
1305031127.5455 1.122808 0.635582 1.401479 0.677127 0.659792 -0.264658 -0.190079
1305031127.5755 1.124139 0.634812 1.401272 0.676930 0.659731 -0.265177 -0.190271
1305031127.6154 1.118885 0.635271 1.402415 0.678085 0.659449 -0.264489 -0.188078
1305031127.6457 1.119215 0.633627 1.402094 0.677635 0.658830 -0.265886 -0.189891
1305031127.6755 1.121448 0.634192 1.401436 0.676853 0.659003 -0.267269 -0.190137
1305031127.7155 1.117377 0.636010 1.401758 0.677104 0.659622 -0.266833 -0.187695
1305031127.7455 1.114466 0.636150 1.404771 0.677236 0.659571 -0.266621 -0.187699
1305031127.7755 1.117257 0.635466 1.404533 0.676088 0.659658 -0.268027 -0.189520
1305031127.8155 1.116418 0.636179 1.405219 0.675767 0.660227 -0.267836 -0.188954
1305031127.8456 1.116882 0.634759 1.404447 0.675331 0.660280 -0.268433 -0.189481
1305031127.8755 1.116961 0.633151 1.405283 0.674794 0.660605 -0.268821 -0.189708
1305031127.9155 1.117871 0.630896 1.405186 0.675195 0.660398 -0.268481 -0.189482
1305031127.9455 1.115742 0.631475 1.404202 0.675291 0.661000 -0.268198 -0.187432
1305031127.9755 1.115883 0.632431 1.401538 0.675108 0.661196 -0.268496 -0.186972
1305031128.0154 1.110603 0.632787 1.400986 0.676799 0.661072 -0.266048 -0.184783
1305031128.0455 1.107101 0.633110 1.401409 0.677512 0.660563 -0.265757 -0.184409
1305031128.0756 1.106761 0.633738 1.400560 0.677701 0.659747 -0.267235 -0.184500
1305031128.1155 1.104999 0.635278 1.399882 0.678899 0.658799 -0.267611 -0.182935
1305031128.1455 1.100010 0.636998 1.400842 0.679539 0.658248 -0.267996 -0.181973
1305031128.1755 1.102511 0.634944 1.400566 0.679214 0.657316 -0.269202 -0.184757
1305031128.2155 1.101238 0.634608 1.399385 0.679717 0.657074 -0.269096 -0.183919
1305031128.2455 1.096661 0.635889 1.401449 0.679851 0.657657 -0.268647 -0.181985
1305031128.2755 1.099312 0.636328 1.401655 0.678997 0.657603 -0.270039 -0.183306
1305031128.3155 1.099590 0.633610 1.402083 0.678526 0.658232 -0.269003 -0.184314
1305031128.3455 1.097444 0.632666 1.402982 0.677817 0.659404 -0.268116 -0.184022
1305031128.3755 1.097238 0.632461 1.403871 0.676463 0.660565 -0.268016 -0.184985
1305031128.4154 1.097691 0.630631 1.404951 0.675937 0.661052 -0.267457 -0.185973
1305031128.4454 1.096188 0.631469 1.406339 0.675550 0.661847 -0.267157 -0.184981
1305031128.4755 1.095270 0.630998 1.408078 0.675336 0.662323 -0.266254 -0.185358
1305031128.5156 1.094053 0.631345 1.408693 0.675705 0.662277 -0.265579 -0.185151
1305031128.5455 1.092235 0.631322 1.410621 0.675858 0.662265 -0.265119 -0.185289
1305031128.5755 1.091492 0.630225 1.413032 0.676139 0.661790 -0.265320 -0.185675
1305031128.6155 1.091333 0.630431 1.414913 0.675866 0.662014 -0.266040 -0.184841
1305031128.6455 1.090929 0.632210 1.414326 0.675125 0.662265 -0.267929 -0.183916
1305031128.6755 1.091771 0.633853 1.414509 0.674044 0.662590 -0.269078 -0.185030
1305031128.7155 1.092543 0.633957 1.415989 0.673619 0.662883 -0.268451 -0.186434
