1305031102.175800 1305031102.215900 1305031102.175800 1305031102.215900 0.011868 0.005427
1305031102.215900 1305031102.275800 1305031102.215900 1305031102.275800 0.009760 0.017252
1305031102.275800 1305031102.315800 1305031102.275800 1305031102.315800 0.002738 0.004673
1305031102.315800 1305031102.345800 1305031102.315800 1305031102.345800 0.006409 0.004832
1305031102.345800 1305031102.375800 1305031102.345800 1305031102.375800 0.004633 0.002197
1305031102.375800 1305031102.415900 1305031102.375800 1305031102.415900 0.007238 0.005047
1305031102.415900 1305031102.445800 1305031102.415900 1305031102.445800 0.006181 0.008755
1305031102.445800 1305031102.475800 1305031102.445800 1305031102.475800 0.019828 0.011088
1305031102.475800 1305031102.515900 1305031102.475800 1305031102.515900 0.005147 0.003932
1305031102.515900 1305031102.575900 1305031102.515900 1305031102.575900 0.009747 0.007482
1305031102.575900 1305031102.615900 1305031102.575900 1305031102.615900 0.014842 0.008804
1305031102.615900 1305031102.675900 1305031102.615900 1305031102.675900 0.011059 0.004316
1305031102.675900 1305031102.715900 1305031102.675900 1305031102.715900 0.014192 0.006587
1305031102.715900 1305031102.745800 1305031102.715900 1305031102.745800 0.001117 0.004587
1305031102.745800 1305031102.775800 1305031102.745800 1305031102.775800 0.004330 0.003404
1305031102.775800 1305031102.815900 1305031102.775800 1305031102.815900 0.006743 0.002575
1305031102.815900 1305031102.845800 1305031102.815900 1305031102.845800 0.001522 0.004715
1305031102.845800 1305031102.875800 1305031102.845800 1305031102.875800 0.011156 0.004220
1305031102.875800 1305031102.915900 1305031102.875800 1305031102.915900 0.002464 0.009920
1305031102.915900 1305031102.975900 1305031102.915900 1305031102.975900 0.010081 0.012337
1305031102.975900 1305031103.015900 1305031102.975900 1305031103.015900 0.007339 0.007740
1305031103.015900 1305031103.045800 1305031103.015900 1305031103.045800 0.003043 0.009663
1305031103.045800 1305031103.075800 1305031103.045800 1305031103.075800 0.010539 0.006062
1305031103.075800 1305031103.115800 1305031103.075800 1305031103.115800 0.005084 0.010821
1305031103.115800 1305031103.145900 1305031103.115800 1305031103.145900 0.002563 0.004264
1305031103.145900 1305031103.175800 1305031103.145900 1305031103.175800 0.016531 0.007150
1305031103.175800 1305031103.245800 1305031103.175800 1305031103.245800 0.012883 0.025871
1305031103.245800 1305031103.275800 1305031103.245800 1305031103.275800 0.010498 0.010892
1305031103.275800 1305031103.315800 1305031103.275800 1305031103.315800 0.002948 0.014874
1305031103.315800 1305031103.345900 1305031103.315800 1305031103.345900 0.005177 0.006675
1305031103.345900 1305031103.375900 1305031103.345900 1305031103.375900 0.004595 0.005074
1305031103.375900 1305031103.415800 1305031103.375900 1305031103.415800 0.003848 0.007873
1305031103.415800 1305031103.445800 1305031103.415800 1305031103.445800 0.003734 0.005259
1305031103.445800 1305031103.475900 1305031103.445800 1305031103.475900 0.004018 0.004261
1305031103.475900 1305031103.516000 1305031103.475900 1305031103.516000 0.004159 0.008645
1305031103.516000 1305031103.545800 1305031103.516000 1305031103.545800 0.006761 0.006873
1305031103.545800 1305031103.575900 1305031103.545800 1305031103.575900 0.016345 0.009193
1305031103.575900 1305031103.615900 1305031103.575900 1305031103.615900 0.009229 0.003623
1305031103.615900 1305031103.645800 1305031103.615900 1305031103.645800 0.008273 0.007909
1305031103.645800 1305031103.675800 1305031103.645800 1305031103.675800 0.009779 0.003734
1305031103.675800 1305031103.715800 1305031103.675800 1305031103.715800 0.007614 0.003277
1305031103.715800 1305031103.745800 1305031103.715800 1305031103.745800 0.008825 0.004822
1305031103.745800 1305031103.775800 1305031103.745800 1305031103.775800 0.009264 0.001832
1305031103.775800 1305031103.815900 1305031103.775800 1305031103.815900 0.006588 0.012208
1305031103.815900 1305031103.845800 1305031103.815900 1305031103.845800 0.004222 0.006419
1305031103.845800 1305031103.875800 1305031103.845800 1305031103.875800 0.011118 0.001376
1305031103.875800 1305031103.915800 1305031103.875800 1305031103.915800 0.004730 0.011616
1305031103.915800 1305031103.945800 1305031103.915800 1305031103.945800 0.008397 0.002261
1305031103.945800 1305031103.975800 1305031103.945800 1305031103.975800 0.009249 0.012146
1305031103.975800 1305031104.015800 1305031103.975800 1305031104.015800 0.003602 0.009354
1305031104.015800 1305031104.045800 1305031104.015800 1305031104.045800 0.012364 0.016260
1305031104.045800 1305031104.075900 1305031104.045800 1305031104.075900 0.004344 0.006315
1305031104.075900 1305031104.115800 1305031104.075900 1305031104.115800 0.010028 0.011461
1305031104.115800 1305031104.145800 1305031104.115800 1305031104.145800 0.012572 0.007434
1305031104.145800 1305031104.175800 1305031104.145800 1305031104.175800 0.002135 0.003224
1305031104.175800 1305031104.215900 1305031104.175800 1305031104.215900 0.006455 0.009356
1305031104.215900 1305031104.245800 1305031104.215900 1305031104.245800 0.006731 0.003045
1305031104.245800 1305031104.275900 1305031104.245800 1305031104.275900 0.005574 0.006646
1305031104.275900 1305031104.315800 1305031104.275900 1305031104.315800 0.003997 0.005930
1305031104.315800 1305031104.346000 1305031104.315800 1305031104.346000 0.007141 0.003552
1305031104.346000 1305031104.375800 1305031104.346000 1305031104.375800 0.002883 0.005427
1305031104.375800 1305031104.415800 1305031104.375800 1305031104.415800 0.002015 0.002416
1305031104.415800 1305031104.445800 1305031104.415800 1305031104.445800 0.003963 0.004641
1305031104.445800 1305031104.475800 1305031104.445800 1305031104.475800 0.005125 0.001155
1305031104.475800 1305031104.515800 1305031104.475800 1305031104.515800 0.007687 0.007170
1305031104.515800 1305031104.545800 1305031104.515800 1305031104.545800 0.008710 0.005380
1305031104.545800 1305031104.575800 1305031104.545800 1305031104.575800 0.011332 0.009228
1305031104.575800 1305031104.615900 1305031104.575800 1305031104.615900 0.004318 0.010331
1305031104.615900 1305031104.645800 1305031104.615900 1305031104.645800 0.008131 0.005295
1305031104.645800 1305031104.675900 1305031104.645800 1305031104.675900 0.006667 0.003958
1305031104.675900 1305031104.715800 1305031104.675900 1305031104.715800 0.008363 0.006874
1305031104.715800 1305031104.745800 1305031104.715800 1305031104.745800 0.006906 0.003290
1305031104.745800 1305031104.775800 1305031104.745800 1305031104.775800 0.017462 0.007568
1305031104.775800 1305031104.815800 1305031104.775800 1305031104.815800 0.008230 0.008514
1305031104.815800 1305031104.845800 1305031104.815800 1305031104.845800 0.007762 0.007832
1305031104.845800 1305031104.875800 1305031104.845800 1305031104.875800 0.007070 0.003243
1305031104.875800 1305031104.915800 1305031104.875800 1305031104.915800 0.005933 0.003228
1305031104.915800 1305031104.945800 1305031104.915800 1305031104.945800 0.002973 0.004818
1305031104.945800 1305031104.975900 1305031104.945800 1305031104.975900 0.004889 0.002640
1305031104.975900 1305031105.015800 1305031104.975900 1305031105.015800 0.006712 0.005487
1305031105.015800 1305031105.045800 1305031105.015800 1305031105.045800 0.004610 0.001210
1305031105.045800 1305031105.075800 1305031105.045800 1305031105.075800 0.003254 0.001407
1305031105.075800 1305031105.115800 1305031105.075800 1305031105.115800 0.004999 0.002547
1305031105.115800 1305031105.145800 1305031105.115800 1305031105.145800 0.007732 0.005089
1305031105.145800 1305031105.175800 1305031105.145800 1305031105.175800 0.008683 0.007134
1305031105.175800 1305031105.215900 1305031105.175800 1305031105.215900 0.005112 0.005866
1305031105.215900 1305031105.245800 1305031105.215900 1305031105.245800 0.005201 0.002843
1305031105.245800 1305031105.275800 1305031105.245800 1305031105.275800 0.006331 0.009618
1305031105.275800 1305031105.315800 1305031105.275800 1305031105.315800 0.003560 0.011333
1305031105.315800 1305031105.345800 1305031105.315800 1305031105.345800 0.009518 0.006456
1305031105.345800 1305031105.375800 1305031105.345800 1305031105.375800 0.008212 0.007632
1305031105.375800 1305031105.415800 1305031105.375800 1305031105.415800 0.006611 0.009363
1305031105.415800 1305031105.445800 1305031105.415800 1305031105.445800 0.007552 0.007176
1305031105.445800 1305031105.476100 1305031105.445800 1305031105.476100 0.003289 0.003787
1305031105.476100 1305031105.515800 1305031105.476100 1305031105.515800 0.002505 0.011243
1305031105.515800 1305031105.545900 1305031105.515800 1305031105.545900 0.004819 0.002712
1305031105.545900 1305031105.575800 1305031105.545900 1305031105.575800 0.004199 0.004881
1305031105.575800 1305031105.615800 1305031105.575800 1305031105.615800 0.014609 0.007965
1305031105.615800 1305031105.645800 1305031105.615800 1305031105.645800 0.004212 0.008803
1305031105.645800 1305031105.715800 1305031105.645800 1305031105.715800 0.020756 0.003852
1305031105.715800 1305031105.745900 1305031105.715800 1305031105.745900 0.007238 0.005047
1305031105.745900 1305031105.775800 1305031105.745900 1305031105.775800 0.003583 0.003533
1305031105.775800 1305031105.815800 1305031105.775800 1305031105.815800 0.006025 0.003586
1305031105.815800 1305031105.845800 1305031105.815800 1305031105.845800 0.006862 0.006106
1305031105.845800 1305031105.875800 1305031105.845800 1305031105.875800 0.012943 0.003357
1305031105.875800 1305031105.915900 1305031105.875800 1305031105.915900 0.005656 0.012292
1305031105.915900 1305031105.945800 1305031105.915900 1305031105.945800 0.009922 0.005104
1305031105.945800 1305031105.975800 1305031105.945800 1305031105.975800 0.001822 0.005377
1305031105.975800 1305031106.015800 1305031105.975800 1305031106.015800 0.006713 0.006332
1305031106.015800 1305031106.045800 1305031106.015800 1305031106.045800 0.004119 0.004180
1305031106.045800 1305031106.075800 1305031106.045800 1305031106.075800 0.004389 0.006699
1305031106.075800 1305031106.115800 1305031106.075800 1305031106.115800 0.007246 0.006856
1305031106.115800 1305031106.145800 1305031106.115800 1305031106.145800 0.001858 0.008625
1305031106.145800 1305031106.175800 1305031106.145800 1305031106.175800 0.004272 0.005803
1305031106.175800 1305031106.215800 1305031106.175800 1305031106.215800 0.005190 0.006952
1305031106.215800 1305031106.245800 1305031106.215800 1305031106.245800 0.008098 0.006804
1305031106.245800 1305031106.275800 1305031106.245800 1305031106.275800 0.003885 0.004082
1305031106.275800 1305031106.315800 1305031106.275800 1305031106.315800 0.004292 0.009100
1305031106.315800 1305031106.345800 1305031106.315800 1305031106.345800 0.004502 0.009182
1305031106.345800 1305031106.375800 1305031106.345800 1305031106.375800 0.008094 0.007954
1305031106.375800 1305031106.415800 1305031106.375800 1305031106.415800 0.008613 0.010987
1305031106.415800 1305031106.445800 1305031106.415800 1305031106.445800 0.006317 0.008241
1305031106.445800 1305031106.475800 1305031106.445800 1305031106.475800 0.005790 0.007620
1305031106.475800 1305031106.515900 1305031106.475800 1305031106.515900 0.003161 0.009129
1305031106.515900 1305031106.545800 1305031106.515900 1305031106.545800 0.003407 0.004942
1305031106.545800 1305031106.575800 1305031106.545800 1305031106.575800 0.005475 0.004158
1305031106.575800 1305031106.615800 1305031106.575800 1305031106.615800 0.009421 0.006271
1305031106.615800 1305031106.645800 1305031106.615800 1305031106.645800 0.002957 0.005208
1305031106.645800 1305031106.675800 1305031106.645800 1305031106.675800 0.012429 0.006298
1305031106.675800 1305031106.715800 1305031106.675800 1305031106.715800 0.011526 0.021054
1305031106.715800 1305031106.745800 1305031106.715800 1305031106.745800 0.005125 0.002617
1305031106.745800 1305031106.775800 1305031106.745800 1305031106.775800 0.006716 0.003744
1305031106.775800 1305031106.815800 1305031106.775800 1305031106.815800 0.005466 0.005813
1305031106.815800 1305031106.845800 1305031106.815800 1305031106.845800 0.008785 0.014788
1305031106.845800 1305031106.876000 1305031106.845800 1305031106.876000 0.008217 0.005097
1305031106.876000 1305031106.915800 1305031106.876000 1305031106.915800 0.006613 0.010802
1305031106.915800 1305031106.945800 1305031106.915800 1305031106.945800 0.017432 0.012632
1305031106.945800 1305031106.975800 1305031106.945800 1305031106.975800 0.007381 0.007621
1305031106.975800 1305031107.015800 1305031106.975800 1305031107.015800 0.013005 0.011756
1305031107.015800 1305031107.045800 1305031107.015800 1305031107.045800 0.013482 0.005446
1305031107.045800 1305031107.075900 1305031107.045800 1305031107.075900 0.008735 0.003387
1305031107.075900 1305031107.115800 1305031107.075900 1305031107.115800 0.005353 0.004566
1305031107.115800 1305031107.145800 1305031107.115800 1305031107.145800 0.005349 0.003449
1305031107.145800 1305031107.175800 1305031107.145800 1305031107.175800 0.010299 0.005715
1305031107.175800 1305031107.215800 1305031107.175800 1305031107.215800 0.008297 0.010202
1305031107.215800 1305031107.245800 1305031107.215800 1305031107.245800 0.004157 0.003528
1305031107.245800 1305031107.275800 1305031107.245800 1305031107.275800 0.006279 0.006410
1305031107.275800 1305031107.315800 1305031107.275800 1305031107.315800 0.010662 0.009202
1305031107.315800 1305031107.345800 1305031107.315800 1305031107.345800 0.012834 0.010043
1305031107.345800 1305031107.375800 1305031107.345800 1305031107.375800 0.006730 0.004241
1305031107.375800 1305031107.415800 1305031107.375800 1305031107.415800 0.001080 0.005737
1305031107.415800 1305031107.445800 1305031107.415800 1305031107.445800 0.009208 0.006410
1305031107.445800 1305031107.475800 1305031107.445800 1305031107.475800 0.007901 0.002479
1305031107.475800 1305031107.515800 1305031107.475800 1305031107.515800 0.007860 0.001572
1305031107.515800 1305031107.545700 1305031107.515800 1305031107.545700 0.005448 0.006437
1305031107.545700 1305031107.575800 1305031107.545700 1305031107.575800 0.004895 0.004462
1305031107.575800 1305031107.615800 1305031107.575800 1305031107.615800 0.011064 0.005780
1305031107.615800 1305031107.645800 1305031107.615800 1305031107.645800 0.004265 0.004894
1305031107.645800 1305031107.675800 1305031107.645800 1305031107.675800 0.000448 0.003850
1305031107.675800 1305031107.715700 1305031107.675800 1305031107.715700 0.002504 0.002261
1305031107.715700 1305031107.745800 1305031107.715700 1305031107.745800 0.005366 0.001794
1305031107.745800 1305031107.775800 1305031107.745800 1305031107.775800 0.001443 0.004528
1305031107.775800 1305031107.815800 1305031107.775800 1305031107.815800 0.000558 0.006634
1305031107.815800 1305031107.845900 1305031107.815800 1305031107.845900 0.003733 0.003846
1305031107.845900 1305031107.875700 1305031107.845900 1305031107.875700 0.005792 0.001883
1305031107.875700 1305031107.915800 1305031107.875700 1305031107.915800 0.007905 0.006920
1305031107.915800 1305031107.945800 1305031107.915800 1305031107.945800 0.004472 0.005157
1305031107.945800 1305031107.975800 1305031107.945800 1305031107.975800 0.005999 0.005123
1305031107.975800 1305031108.015900 1305031107.975800 1305031108.015900 0.008163 0.003978
1305031108.015900 1305031108.045800 1305031108.015900 1305031108.045800 0.007063 0.004233
1305031108.045800 1305031108.075800 1305031108.045800 1305031108.075800 0.005214 0.000812
1305031108.075800 1305031108.115800 1305031108.075800 1305031108.115800 0.013312 0.004562
1305031108.115800 1305031108.145900 1305031108.115800 1305031108.145900 0.009959 0.005437
1305031108.145900 1305031108.175800 1305031108.145900 1305031108.175800 0.006589 0.005520
1305031108.175800 1305031108.215800 1305031108.175800 1305031108.215800 0.007052 0.007898
1305031108.215800 1305031108.245800 1305031108.215800 1305031108.245800 0.003198 0.003407
1305031108.245800 1305031108.275800 1305031108.245800 1305031108.275800 0.006135 0.002041
1305031108.275800 1305031108.315700 1305031108.275800 1305031108.315700 0.010768 0.009176
1305031108.315700 1305031108.345800 1305031108.315700 1305031108.345800 0.008001 0.006613
1305031108.345800 1305031108.375800 1305031108.345800 1305031108.375800 0.004606 0.002062
1305031108.375800 1305031108.415700 1305031108.375800 1305031108.415700 0.012447 0.005989
1305031108.415700 1305031108.445900 1305031108.415700 1305031108.445900 0.001782 0.004108
1305031108.445900 1305031108.475800 1305031108.445900 1305031108.475800 0.015774 0.006691
1305031108.475800 1305031108.515800 1305031108.475800 1305031108.515800 0.011301 0.010149
1305031108.515800 1305031108.545800 1305031108.515800 1305031108.545800 0.006415 0.005766
1305031108.545800 1305031108.575900 1305031108.545800 1305031108.575900 0.005980 0.005250
1305031108.575900 1305031108.615700 1305031108.575900 1305031108.615700 0.011964 0.006908
1305031108.615700 1305031108.645700 1305031108.615700 1305031108.645700 0.004758 0.006603
1305031108.645700 1305031108.675700 1305031108.645700 1305031108.675700 0.004917 0.004780
1305031108.675700 1305031108.715800 1305031108.675700 1305031108.715800 0.008647 0.006935
1305031108.715800 1305031108.745800 1305031108.715800 1305031108.745800 0.009861 0.014501
1305031108.745800 1305031108.775800 1305031108.745800 1305031108.775800 0.001069 0.004126
1305031108.775800 1305031108.815900 1305031108.775800 1305031108.815900 0.005666 0.002455
1305031108.815900 1305031108.825700 1305031108.815900 1305031108.825700 0.006312 0.003703
1305031108.825700 1305031108.835700 1305031108.825700 1305031108.835700 0.005663 0.008128
1305031108.835700 1305031108.945800 1305031108.835700 1305031108.945800 0.009685 0.034768
1305031108.945800 1305031108.955800 1305031108.945800 1305031108.955800 0.007409 0.001760
1305031108.955800 1305031108.975800 1305031108.955800 1305031108.975800 0.010632 0.008317
1305031108.975800 1305031109.015700 1305031108.975800 1305031109.015700 0.009281 0.005642
1305031109.015700 1305031109.045800 1305031109.015700 1305031109.045800 0.005051 0.003104
1305031109.045800 1305031109.075700 1305031109.045800 1305031109.075700 0.007188 0.004019
1305031109.075700 1305031109.115700 1305031109.075700 1305031109.115700 0.005589 0.003814
1305031109.115700 1305031109.145700 1305031109.115700 1305031109.145700 0.008032 0.005189
1305031109.145700 1305031109.175700 1305031109.145700 1305031109.175700 0.008869 0.003645
1305031109.175700 1305031109.215700 1305031109.175700 1305031109.215700 0.007497 0.015459
1305031109.215700 1305031109.245700 1305031109.215700 1305031109.245700 0.007543 0.007311
1305031109.245700 1305031109.275700 1305031109.245700 1305031109.275700 0.005437 0.011715
1305031109.275700 1305031109.315700 1305031109.275700 1305031109.315700 0.012189 0.010646
1305031109.315700 1305031109.345700 1305031109.315700 1305031109.345700 0.010992 0.005541
1305031109.345700 1305031109.375700 1305031109.345700 1305031109.375700 0.004895 0.006144
1305031109.375700 1305031109.415800 1305031109.375700 1305031109.415800 0.008235 0.003584
1305031109.415800 1305031109.445700 1305031109.415800 1305031109.445700 0.005521 0.007981
1305031109.445700 1305031109.475800 1305031109.445700 1305031109.475800 0.004155 0.003719
1305031109.475800 1305031109.515800 1305031109.475800 1305031109.515800 0.007291 0.004441
1305031109.515800 1305031109.545800 1305031109.515800 1305031109.545800 0.008800 0.005481
1305031109.545800 1305031109.575700 1305031109.545800 1305031109.575700 0.008775 0.003782
1305031109.575700 1305031109.615800 1305031109.575700 1305031109.615800 0.010622 0.002463
1305031109.615800 1305031109.645700 1305031109.615800 1305031109.645700 0.009858 0.006169
1305031109.645700 1305031109.675700 1305031109.645700 1305031109.675700 0.003690 0.004366
1305031109.675700 1305031109.715700 1305031109.675700 1305031109.715700 0.013284 0.005812
1305031109.715700 1305031109.745700 1305031109.715700 1305031109.745700 0.008551 0.006117
1305031109.745700 1305031109.775800 1305031109.745700 1305031109.775800 0.000888 0.004971
1305031109.775800 1305031109.815700 1305031109.775800 1305031109.815700 0.017699 0.010303
1305031109.815700 1305031109.845700 1305031109.815700 1305031109.845700 0.003645 0.003287
1305031109.845700 1305031109.875800 1305031109.845700 1305031109.875800 0.012803 0.004258
1305031109.875800 1305031109.915800 1305031109.875800 1305031109.915800 0.005653 0.005107
1305031109.915800 1305031109.945700 1305031109.915800 1305031109.945700 0.007493 0.005206
1305031109.945700 1305031109.975800 1305031109.945700 1305031109.975800 0.004766 0.008752
1305031109.975800 1305031110.015700 1305031109.975800 1305031110.015700 0.007056 0.009506
1305031110.015700 1305031110.045700 1305031110.015700 1305031110.045700 0.004888 0.003071
1305031110.045700 1305031110.075700 1305031110.045700 1305031110.075700 0.006732 0.006867
1305031110.075700 1305031110.115700 1305031110.075700 1305031110.115700 0.005605 0.003760
1305031110.115700 1305031110.145800 1305031110.115700 1305031110.145800 0.003293 0.003825
1305031110.145800 1305031110.175700 1305031110.145800 1305031110.175700 0.005382 0.006935
1305031110.175700 1305031110.215800 1305031110.175700 1305031110.215800 0.007210 0.003581
1305031110.215800 1305031110.245700 1305031110.215800 1305031110.245700 0.007424 0.004539
1305031110.245700 1305031110.275700 1305031110.245700 1305031110.275700 0.005441 0.003294
1305031110.275700 1305031110.315700 1305031110.275700 1305031110.315700 0.007408 0.003925
1305031110.315700 1305031110.345700 1305031110.315700 1305031110.345700 0.005219 0.003665
1305031110.345700 1305031110.375700 1305031110.345700 1305031110.375700 0.009125 0.006788
1305031110.375700 1305031110.415700 1305031110.375700 1305031110.415700 0.006797 0.004212
1305031110.415700 1305031110.445700 1305031110.415700 1305031110.445700 0.001300 0.003846
1305031110.445700 1305031110.475700 1305031110.445700 1305031110.475700 0.007728 0.006987
1305031110.475700 1305031110.515700 1305031110.475700 1305031110.515700 0.004396 0.002245
1305031110.515700 1305031110.545700 1305031110.515700 1305031110.545700 0.005532 0.002210
1305031110.545700 1305031110.575700 1305031110.545700 1305031110.575700 0.005915 0.000462
1305031110.575700 1305031110.615700 1305031110.575700 1305031110.615700 0.011107 0.003076
1305031110.615700 1305031110.645700 1305031110.615700 1305031110.645700 0.005099 0.003764
1305031110.645700 1305031110.675700 1305031110.645700 1305031110.675700 0.002331 0.007269
1305031110.675700 1305031110.715700 1305031110.675700 1305031110.715700 0.010246 0.005466
1305031110.715700 1305031110.745700 1305031110.715700 1305031110.745700 0.007642 0.005701
1305031110.745700 1305031110.775800 1305031110.745700 1305031110.775800 0.004785 0.002496
1305031110.775800 1305031110.815700 1305031110.775800 1305031110.815700 0.005142 0.001582
1305031110.815700 1305031110.845700 1305031110.815700 1305031110.845700 0.002188 0.003165
1305031110.845700 1305031110.875700 1305031110.845700 1305031110.875700 0.005092 0.003496
1305031110.875700 1305031110.915800 1305031110.875700 1305031110.915800 0.005078 0.004915
1305031110.915800 1305031110.945700 1305031110.915800 1305031110.945700 0.007756 0.007487
1305031110.945700 1305031110.975700 1305031110.945700 1305031110.975700 0.001736 0.002233
1305031110.975700 1305031111.015700 1305031110.975700 1305031111.015700 0.007567 0.003079
1305031111.015700 1305031111.045800 1305031111.015700 1305031111.045800 0.007858 0.003223
1305031111.045800 1305031111.075700 1305031111.045800 1305031111.075700 0.006413 0.006306
1305031111.075700 1305031111.115700 1305031111.075700 1305031111.115700 0.007375 0.003821
1305031111.115700 1305031111.145700 1305031111.115700 1305031111.145700 0.008878 0.008250
1305031111.145700 1305031111.175700 1305031111.145700 1305031111.175700 0.008245 0.006759
1305031111.175700 1305031111.215700 1305031111.175700 1305031111.215700 0.013729 0.006424
1305031111.215700 1305031111.245800 1305031111.215700 1305031111.245800 0.009202 0.009779
1305031111.245800 1305031111.275700 1305031111.245800 1305031111.275700 0.005278 0.002209
1305031111.275700 1305031111.315700 1305031111.275700 1305031111.315700 0.010664 0.009156
1305031111.315700 1305031111.345700 1305031111.315700 1305031111.345700 0.010208 0.017245
1305031111.345700 1305031111.375700 1305031111.345700 1305031111.375700 0.003771 0.004957
1305031111.375700 1305031111.415700 1305031111.375700 1305031111.415700 0.016990 0.008600
1305031111.415700 1305031111.445700 1305031111.415700 1305031111.445700 0.015279 0.018167
1305031111.445700 1305031111.476000 1305031111.445700 1305031111.476000 0.004940 0.002714
1305031111.476000 1305031111.515700 1305031111.476000 1305031111.515700 0.014585 0.006928
1305031111.515700 1305031111.545800 1305031111.515700 1305031111.545800 0.001795 0.010563
1305031111.545800 1305031111.575800 1305031111.545800 1305031111.575800 0.012124 0.002536
1305031111.575800 1305031111.615700 1305031111.575800 1305031111.615700 0.019261 0.011620
1305031111.615700 1305031111.645700 1305031111.615700 1305031111.645700 0.006485 0.007165
1305031111.645700 1305031111.675700 1305031111.645700 1305031111.675700 0.005986 0.008466
1305031111.675700 1305031111.715700 1305031111.675700 1305031111.715700 0.011109 0.002329
1305031111.715700 1305031111.745700 1305031111.715700 1305031111.745700 0.010341 0.003123
1305031111.745700 1305031111.775700 1305031111.745700 1305031111.775700 0.014614 0.001788
1305031111.775700 1305031111.815700 1305031111.775700 1305031111.815700 0.014803 0.011825
1305031111.815700 1305031111.845800 1305031111.815700 1305031111.845800 0.006318 0.005008
1305031111.845800 1305031111.875700 1305031111.845800 1305031111.875700 0.012715 0.004931
1305031111.875700 1305031111.915700 1305031111.875700 1305031111.915700 0.007174 0.008593
1305031111.915700 1305031111.945700 1305031111.915700 1305031111.945700 0.008719 0.008481
1305031111.945700 1305031111.975800 1305031111.945700 1305031111.975800 0.001568 0.011426
1305031111.975800 1305031112.015700 1305031111.975800 1305031112.015700 0.002393 0.005182
1305031112.015700 1305031112.045800 1305031112.015700 1305031112.045800 0.007746 0.005203
1305031112.045800 1305031112.075700 1305031112.045800 1305031112.075700 0.010198 0.004638
1305031112.075700 1305031112.115700 1305031112.075700 1305031112.115700 0.007217 0.012803
1305031112.115700 1305031112.145700 1305031112.115700 1305031112.145700 0.008890 0.002840
1305031112.145700 1305031112.175700 1305031112.145700 1305031112.175700 0.010246 0.004418
1305031112.175700 1305031112.215800 1305031112.175700 1305031112.215800 0.012134 0.013545
1305031112.215800 1305031112.245700 1305031112.215800 1305031112.245700 0.010692 0.013960
1305031112.245700 1305031112.275700 1305031112.245700 1305031112.275700 0.005593 0.006191
1305031112.275700 1305031112.315700 1305031112.275700 1305031112.315700 0.008642 0.005784
1305031112.315700 1305031112.345800 1305031112.315700 1305031112.345800 0.005624 0.006406
1305031112.345800 1305031112.375700 1305031112.345800 1305031112.375700 0.007162 0.005616
1305031112.375700 1305031112.415700 1305031112.375700 1305031112.415700 0.007387 0.008149
1305031112.415700 1305031112.445700 1305031112.415700 1305031112.445700 0.016421 0.009861
1305031112.445700 1305031112.475700 1305031112.445700 1305031112.475700 0.005338 0.005880
1305031112.475700 1305031112.515700 1305031112.475700 1305031112.515700 0.006350 0.008721
1305031112.515700 1305031112.545900 1305031112.515700 1305031112.545900 0.003473 0.010146
1305031112.545900 1305031112.575700 1305031112.545900 1305031112.575700 0.007047 0.004360
1305031112.575700 1305031112.615700 1305031112.575700 1305031112.615700 0.003134 0.006915
1305031112.615700 1305031112.645800 1305031112.615700 1305031112.645800 0.003636 0.002759
1305031112.645800 1305031112.675800 1305031112.645800 1305031112.675800 0.003662 0.007951
1305031112.675800 1305031112.715700 1305031112.675800 1305031112.715700 0.010971 0.007681
1305031112.715700 1305031112.745700 1305031112.715700 1305031112.745700 0.005214 0.000947
1305031112.745700 1305031112.775700 1305031112.745700 1305031112.775700 0.003375 0.008708
1305031112.775700 1305031112.815700 1305031112.775700 1305031112.815700 0.005057 0.005599
1305031112.815700 1305031112.845700 1305031112.815700 1305031112.845700 0.005701 0.008130
1305031112.845700 1305031112.875700 1305031112.845700 1305031112.875700 0.006906 0.006305
1305031112.875700 1305031112.915700 1305031112.875700 1305031112.915700 0.008586 0.007060
1305031112.915700 1305031112.945700 1305031112.915700 1305031112.945700 0.007229 0.002380
1305031112.945700 1305031112.975700 1305031112.945700 1305031112.975700 0.008923 0.004317
1305031112.975700 1305031113.015700 1305031112.975700 1305031113.015700 0.012097 0.010449
1305031113.015700 1305031113.045800 1305031113.015700 1305031113.045800 0.004884 0.003456
1305031113.045800 1305031113.075700 1305031113.045800 1305031113.075700 0.006104 0.004415
1305031113.075700 1305031113.115700 1305031113.075700 1305031113.115700 0.011908 0.009978
1305031113.115700 1305031113.145700 1305031113.115700 1305031113.145700 0.008411 0.005795
1305031113.145700 1305031113.175700 1305031113.145700 1305031113.175700 0.007072 0.003622
1305031113.175700 1305031113.215900 1305031113.175700 1305031113.215900 0.005870 0.004663
1305031113.215900 1305031113.245700 1305031113.215900 1305031113.245700 0.009979 0.009392
1305031113.245700 1305031113.275700 1305031113.245700 1305031113.275700 0.014284 0.007799
1305031113.275700 1305031113.315700 1305031113.275700 1305031113.315700 0.006947 0.006631
1305031113.315700 1305031113.345700 1305031113.315700 1305031113.345700 0.009582 0.006189
1305031113.345700 1305031113.375700 1305031113.345700 1305031113.375700 0.004166 0.008156
1305031113.375700 1305031113.415700 1305031113.375700 1305031113.415700 0.007036 0.005907
1305031113.415700 1305031113.445700 1305031113.415700 1305031113.445700 0.008028 0.005724
1305031113.445700 1305031113.475700 1305031113.445700 1305031113.475700 0.004927 0.001709
1305031113.475700 1305031113.515700 1305031113.475700 1305031113.515700 0.015653 0.007558
1305031113.515700 1305031113.545700 1305031113.515700 1305031113.545700 0.007513 0.004415
1305031113.545700 1305031113.575700 1305031113.545700 1305031113.575700 0.012108 0.005103
1305031113.575700 1305031113.615800 1305031113.575700 1305031113.615800 0.011170 0.005962
1305031113.615800 1305031113.645700 1305031113.615800 1305031113.645700 0.008633 0.008674
1305031113.645700 1305031113.675700 1305031113.645700 1305031113.675700 0.008251 0.003159
1305031113.675700 1305031113.715700 1305031113.675700 1305031113.715700 0.010173 0.007343
1305031113.715700 1305031113.745800 1305031113.715700 1305031113.745800 0.007949 0.005573
1305031113.745800 1305031113.775700 1305031113.745800 1305031113.775700 0.004193 0.007459
1305031113.775700 1305031113.815700 1305031113.775700 1305031113.815700 0.015001 0.008721
1305031113.815700 1305031113.845700 1305031113.815700 1305031113.845700 0.004579 0.005980
1305031113.845700 1305031113.875700 1305031113.845700 1305031113.875700 0.011266 0.009803
1305031113.875700 1305031113.915700 1305031113.875700 1305031113.915700 0.013690 0.004905
1305031113.915700 1305031113.945700 1305031113.915700 1305031113.945700 0.008772 0.007454
1305031113.945700 1305031113.975700 1305031113.945700 1305031113.975700 0.008574 0.009364
1305031113.975700 1305031114.015700 1305031113.975700 1305031114.015700 0.009452 0.009822
1305031114.015700 1305031114.045700 1305031114.015700 1305031114.045700 0.006065 0.005343
1305031114.045700 1305031114.075700 1305031114.045700 1305031114.075700 0.002578 0.006389
1305031114.075700 1305031114.115700 1305031114.075700 1305031114.115700 0.011440 0.004572
1305031114.115700 1305031114.145700 1305031114.115700 1305031114.145700 0.001114 0.005764
1305031114.145700 1305031114.175700 1305031114.145700 1305031114.175700 0.007487 0.007980
1305031114.175700 1305031114.215700 1305031114.175700 1305031114.215700 0.008185 0.006347
1305031114.215700 1305031114.245600 1305031114.215700 1305031114.245600 0.002178 0.004850
1305031114.245600 1305031114.275700 1305031114.245600 1305031114.275700 0.005879 0.008205
1305031114.275700 1305031114.315700 1305031114.275700 1305031114.315700 0.009456 0.008642
1305031114.315700 1305031114.345700 1305031114.315700 1305031114.345700 0.007887 0.002982
1305031114.345700 1305031114.375700 1305031114.345700 1305031114.375700 0.007703 0.005152
1305031114.375700 1305031114.415700 1305031114.375700 1305031114.415700 0.007988 0.001654
1305031114.415700 1305031114.445600 1305031114.415700 1305031114.445600 0.004021 0.003093
1305031114.445600 1305031114.475700 1305031114.445600 1305031114.475700 0.003619 0.004149
1305031114.475700 1305031114.515700 1305031114.475700 1305031114.515700 0.010754 0.002083
1305031114.515700 1305031114.545700 1305031114.515700 1305031114.545700 0.004471 0.002893
1305031114.545700 1305031114.575600 1305031114.545700 1305031114.575600 0.006691 0.006717
1305031114.575600 1305031114.615700 1305031114.575600 1305031114.615700 0.002509 0.002641
1305031114.615700 1305031114.645600 1305031114.615700 1305031114.645600 0.005674 0.006127
1305031114.645600 1305031114.675700 1305031114.645600 1305031114.675700 0.003580 0.003292
1305031114.675700 1305031114.715700 1305031114.675700 1305031114.715700 0.004034 0.005141
1305031114.715700 1305031114.745700 1305031114.715700 1305031114.745700 0.008921 0.004316
1305031114.745700 1305031114.775700 1305031114.745700 1305031114.775700 0.009773 0.006317
1305031114.775700 1305031114.815600 1305031114.775700 1305031114.815600 0.004968 0.005477
1305031114.815600 1305031114.845700 1305031114.815600 1305031114.845700 0.001068 0.001210
1305031114.845700 1305031114.875700 1305031114.845700 1305031114.875700 0.007235 0.002135
1305031114.875700 1305031114.915700 1305031114.875700 1305031114.915700 0.006588 0.003979
1305031114.915700 1305031114.945600 1305031114.915700 1305031114.945600 0.007048 0.003725
1305031114.945600 1305031114.975700 1305031114.945600 1305031114.975700 0.004847 0.004449
1305031114.975700 1305031115.015700 1305031114.975700 1305031115.015700 0.008674 0.007549
1305031115.015700 1305031115.045700 1305031115.015700 1305031115.045700 0.006999 0.005758
1305031115.045700 1305031115.075600 1305031115.045700 1305031115.075600 0.005538 0.007574
1305031115.075600 1305031115.115700 1305031115.075600 1305031115.115700 0.010702 0.006436
1305031115.115700 1305031115.145700 1305031115.115700 1305031115.145700 0.005931 0.003758
1305031115.145700 1305031115.175600 1305031115.145700 1305031115.175600 0.009038 0.009874
1305031115.175600 1305031115.215700 1305031115.175600 1305031115.215700 0.011017 0.005955
1305031115.215700 1305031115.245700 1305031115.215700 1305031115.245700 0.005857 0.002491
1305031115.245700 1305031115.275700 1305031115.245700 1305031115.275700 0.006010 0.016106
1305031115.275700 1305031115.315600 1305031115.275700 1305031115.315600 0.012671 0.008254
1305031115.315600 1305031115.345600 1305031115.315600 1305031115.345600 0.008305 0.003402
1305031115.345600 1305031115.375700 1305031115.345600 1305031115.375700 0.015877 0.009177
1305031115.375700 1305031115.415700 1305031115.375700 1305031115.415700 0.015509 0.014319
1305031115.415700 1305031115.445700 1305031115.415700 1305031115.445700 0.011317 0.008088
1305031115.445700 1305031115.475600 1305031115.445700 1305031115.475600 0.007038 0.009872
1305031115.475600 1305031115.515600 1305031115.475600 1305031115.515600 0.006860 0.012814
1305031115.515600 1305031115.545700 1305031115.515600 1305031115.545700 0.014351 0.007705
1305031115.545700 1305031115.575700 1305031115.545700 1305031115.575700 0.004681 0.001798
1305031115.575700 1305031115.615700 1305031115.575700 1305031115.615700 0.015621 0.007354
1305031115.615700 1305031115.645700 1305031115.615700 1305031115.645700 0.005210 0.006619
1305031115.645700 1305031115.675700 1305031115.645700 1305031115.675700 0.009435 0.008413
1305031115.675700 1305031115.715700 1305031115.675700 1305031115.715700 0.015691 0.013411
1305031115.715700 1305031115.745700 1305031115.715700 1305031115.745700 0.005951 0.009625
1305031115.745700 1305031115.775700 1305031115.745700 1305031115.775700 0.003261 0.007625
1305031115.775700 1305031115.815600 1305031115.775700 1305031115.815600 0.010677 0.007741
1305031115.815600 1305031115.845700 1305031115.815600 1305031115.845700 0.009628 0.011220
1305031115.845700 1305031115.875600 1305031115.845700 1305031115.875600 0.008941 0.007078
1305031115.875600 1305031115.915600 1305031115.875600 1305031115.915600 0.011683 0.004641
1305031115.915600 1305031115.945700 1305031115.915600 1305031115.945700 0.012860 0.002986
1305031115.945700 1305031115.985700 1305031115.945700 1305031115.985700 0.007731 0.004211
1305031115.985700 1305031116.015600 1305031115.985700 1305031116.015600 0.004680 0.004652
1305031116.015600 1305031116.045700 1305031116.015600 1305031116.045700 0.016612 0.012572
1305031116.045700 1305031116.075700 1305031116.045700 1305031116.075700 0.001466 0.004390
1305031116.075700 1305031116.115700 1305031116.075700 1305031116.115700 0.015113 0.006108
1305031116.115700 1305031116.145700 1305031116.115700 1305031116.145700 0.011855 0.010502
1305031116.145700 1305031116.175700 1305031116.145700 1305031116.175700 0.004264 0.004292
1305031116.175700 1305031116.215700 1305031116.175700 1305031116.215700 0.008541 0.009974
1305031116.215700 1305031116.245700 1305031116.215700 1305031116.245700 0.002522 0.009592
1305031116.245700 1305031116.275700 1305031116.245700 1305031116.275700 0.005621 0.008997
1305031116.275700 1305031116.315600 1305031116.275700 1305031116.315600 0.008810 0.014864
1305031116.315600 1305031116.345700 1305031116.315600 1305031116.345700 0.008139 0.005776
1305031116.345700 1305031116.375700 1305031116.345700 1305031116.375700 0.006322 0.010364
1305031116.375700 1305031116.415700 1305031116.375700 1305031116.415700 0.008273 0.006291
1305031116.415700 1305031116.445600 1305031116.415700 1305031116.445600 0.006413 0.008731
1305031116.445600 1305031116.475700 1305031116.445600 1305031116.475700 0.002551 0.008514
1305031116.475700 1305031116.515700 1305031116.475700 1305031116.515700 0.003938 0.007926
1305031116.515700 1305031116.545600 1305031116.515700 1305031116.545600 0.005211 0.007276
1305031116.545600 1305031116.575700 1305031116.545600 1305031116.575700 0.002822 0.006335
1305031116.575700 1305031116.615700 1305031116.575700 1305031116.615700 0.011808 0.018727
1305031116.615700 1305031116.645700 1305031116.615700 1305031116.645700 0.010003 0.013534
1305031116.645700 1305031116.675600 1305031116.645700 1305031116.675600 0.005747 0.006617
1305031116.675600 1305031116.715700 1305031116.675600 1305031116.715700 0.011916 0.014664
1305031116.715700 1305031116.745700 1305031116.715700 1305031116.745700 0.004779 0.011828
1305031116.745700 1305031116.775700 1305031116.745700 1305031116.775700 0.005150 0.007941
1305031116.775700 1305031116.815600 1305031116.775700 1305031116.815600 0.015909 0.016740
1305031116.815600 1305031116.845600 1305031116.815600 1305031116.845600 0.004949 0.009653
1305031116.845600 1305031116.875700 1305031116.845600 1305031116.875700 0.007890 0.002365
1305031116.875700 1305031116.915700 1305031116.875700 1305031116.915700 0.007527 0.008077
1305031116.915700 1305031116.945600 1305031116.915700 1305031116.945600 0.007639 0.013839
1305031116.945600 1305031116.975600 1305031116.945600 1305031116.975600 0.006096 0.007603
1305031116.975600 1305031117.015700 1305031116.975600 1305031117.015700 0.002425 0.016842
1305031117.015700 1305031117.045700 1305031117.015700 1305031117.045700 0.009229 0.004241
1305031117.045700 1305031117.075700 1305031117.045700 1305031117.075700 0.001650 0.010325
1305031117.075700 1305031117.115900 1305031117.075700 1305031117.115900 0.005878 0.007130
1305031117.115900 1305031117.145700 1305031117.115900 1305031117.145700 0.009659 0.005760
1305031117.145700 1305031117.175600 1305031117.145700 1305031117.175600 0.005919 0.004785
1305031117.175600 1305031117.215700 1305031117.175600 1305031117.215700 0.002302 0.006125
1305031117.215700 1305031117.245600 1305031117.215700 1305031117.245600 0.005809 0.009216
1305031117.245600 1305031117.275600 1305031117.245600 1305031117.275600 0.011224 0.002496
1305031117.275600 1305031117.315600 1305031117.275600 1305031117.315600 0.003256 0.003550
1305031117.315600 1305031117.345700 1305031117.315600 1305031117.345700 0.007034 0.003147
1305031117.345700 1305031117.375700 1305031117.345700 1305031117.375700 0.003185 0.004910
1305031117.375700 1305031117.415600 1305031117.375700 1305031117.415600 0.004911 0.007890
1305031117.415600 1305031117.445600 1305031117.415600 1305031117.445600 0.003058 0.003673
1305031117.445600 1305031117.475700 1305031117.445600 1305031117.475700 0.008674 0.003180
1305031117.475700 1305031117.515600 1305031117.475700 1305031117.515600 0.002937 0.008784
1305031117.515600 1305031117.545600 1305031117.515600 1305031117.545600 0.008778 0.002927
1305031117.545600 1305031117.575700 1305031117.545600 1305031117.575700 0.012648 0.006713
1305031117.575700 1305031117.615700 1305031117.575700 1305031117.615700 0.002287 0.007865
1305031117.615700 1305031117.645700 1305031117.615700 1305031117.645700 0.012583 0.007237
1305031117.645700 1305031117.675600 1305031117.645700 1305031117.675600 0.009283 0.006318
1305031117.675600 1305031117.715600 1305031117.675600 1305031117.715600 0.008174 0.004977
1305031117.715600 1305031117.745700 1305031117.715600 1305031117.745700 0.003718 0.008381
1305031117.745700 1305031117.775700 1305031117.745700 1305031117.775700 0.011577 0.006811
1305031117.775700 1305031117.815600 1305031117.775700 1305031117.815600 0.004590 0.004561
1305031117.815600 1305031117.845700 1305031117.815600 1305031117.845700 0.004432 0.006567
1305031117.845700 1305031117.875700 1305031117.845700 1305031117.875700 0.006359 0.003275
1305031117.875700 1305031117.915600 1305031117.875700 1305031117.915600 0.010115 0.004868
1305031117.915600 1305031117.945600 1305031117.915600 1305031117.945600 0.014120 0.006857
1305031117.945600 1305031117.975600 1305031117.945600 1305031117.975600 0.006174 0.007098
1305031117.975600 1305031118.015700 1305031117.975600 1305031118.015700 0.004240 0.003898
1305031118.015700 1305031118.045700 1305031118.015700 1305031118.045700 0.012909 0.004389
1305031118.045700 1305031118.075700 1305031118.045700 1305031118.075700 0.008012 0.002609
1305031118.075700 1305031118.115600 1305031118.075700 1305031118.115600 0.011268 0.005555
1305031118.115600 1305031118.145700 1305031118.115600 1305031118.145700 0.007361 0.006026
1305031118.145700 1305031118.175600 1305031118.145700 1305031118.175600 0.002888 0.003265
1305031118.175600 1305031118.215600 1305031118.175600 1305031118.215600 0.002773 0.004372
1305031118.215600 1305031118.245600 1305031118.215600 1305031118.245600 0.007014 0.005631
1305031118.245600 1305031118.275700 1305031118.245600 1305031118.275700 0.004293 0.003677
1305031118.275700 1305031118.315600 1305031118.275700 1305031118.315600 0.006187 0.005570
1305031118.315600 1305031118.345700 1305031118.315600 1305031118.345700 0.009124 0.003611
1305031118.345700 1305031118.375600 1305031118.345700 1305031118.375600 0.009019 0.009161
1305031118.375600 1305031118.415600 1305031118.375600 1305031118.415600 0.007224 0.004684
1305031118.415600 1305031118.445700 1305031118.415600 1305031118.445700 0.006563 0.006925
1305031118.445700 1305031118.475700 1305031118.445700 1305031118.475700 0.003223 0.003678
1305031118.475700 1305031118.515600 1305031118.475700 1305031118.515600 0.008288 0.003826
1305031118.515600 1305031118.545600 1305031118.515600 1305031118.545600 0.002268 0.001764
1305031118.545600 1305031118.575600 1305031118.545600 1305031118.575600 0.004214 0.002321
1305031118.575600 1305031118.615600 1305031118.575600 1305031118.615600 0.003099 0.003295
1305031118.615600 1305031118.645600 1305031118.615600 1305031118.645600 0.001361 0.001850
1305031118.645600 1305031118.675600 1305031118.645600 1305031118.675600 0.008012 0.003375
1305031118.675600 1305031118.715600 1305031118.675600 1305031118.715600 0.007091 0.007188
1305031118.715600 1305031118.745600 1305031118.715600 1305031118.745600 0.005353 0.009020
1305031118.745600 1305031118.775600 1305031118.745600 1305031118.775600 0.006908 0.009303
1305031118.775600 1305031118.815600 1305031118.775600 1305031118.815600 0.011766 0.006917
1305031118.815600 1305031118.845600 1305031118.815600 1305031118.845600 0.007433 0.006158
1305031118.845600 1305031118.875600 1305031118.845600 1305031118.875600 0.004525 0.006480
1305031118.875600 1305031118.915600 1305031118.875600 1305031118.915600 0.017112 0.006796
1305031118.915600 1305031118.945600 1305031118.915600 1305031118.945600 0.006092 0.008783
1305031118.945600 1305031118.975600 1305031118.945600 1305031118.975600 0.005172 0.005585
1305031118.975600 1305031119.015700 1305031118.975600 1305031119.015700 0.015729 0.002961
1305031119.015700 1305031119.045600 1305031119.015700 1305031119.045600 0.009036 0.007429
1305031119.045600 1305031119.075700 1305031119.045600 1305031119.075700 0.009406 0.006637
1305031119.075700 1305031119.115600 1305031119.075700 1305031119.115600 0.011481 0.004121
1305031119.115600 1305031119.145700 1305031119.115600 1305031119.145700 0.007619 0.005631
1305031119.145700 1305031119.175700 1305031119.145700 1305031119.175700 0.006145 0.009587
1305031119.175700 1305031119.215600 1305031119.175700 1305031119.215600 0.005298 0.006002
1305031119.215600 1305031119.245700 1305031119.215600 1305031119.245700 0.000971 0.002337
1305031119.245700 1305031119.275600 1305031119.245700 1305031119.275600 0.006107 0.002351
1305031119.275600 1305031119.315600 1305031119.275600 1305031119.315600 0.011990 0.004535
1305031119.315600 1305031119.345700 1305031119.315600 1305031119.345700 0.003210 0.003163
1305031119.345700 1305031119.375600 1305031119.345700 1305031119.375600 0.003085 0.001278
1305031119.375600 1305031119.415600 1305031119.375600 1305031119.415600 0.021372 0.003708
1305031119.415600 1305031119.445600 1305031119.415600 1305031119.445600 0.006940 0.005505
1305031119.445600 1305031119.475600 1305031119.445600 1305031119.475600 0.010177 0.007580
1305031119.475600 1305031119.515700 1305031119.475600 1305031119.515700 0.007595 0.004092
1305031119.515700 1305031119.545600 1305031119.515700 1305031119.545600 0.014694 0.004109
1305031119.545600 1305031119.575600 1305031119.545600 1305031119.575600 0.006040 0.003132
1305031119.575600 1305031119.615600 1305031119.575600 1305031119.615600 0.003806 0.003478
1305031119.615600 1305031119.645600 1305031119.615600 1305031119.645600 0.007672 0.001366
1305031119.645600 1305031119.675600 1305031119.645600 1305031119.675600 0.004693 0.005589
1305031119.675600 1305031119.715700 1305031119.675600 1305031119.715700 0.010981 0.003240
1305031119.715700 1305031119.745700 1305031119.715700 1305031119.745700 0.007512 0.006740
1305031119.745700 1305031119.775600 1305031119.745700 1305031119.775600 0.006456 0.004550
1305031119.775600 1305031119.815600 1305031119.775600 1305031119.815600 0.002966 0.005817
1305031119.815600 1305031119.845600 1305031119.815600 1305031119.845600 0.008928 0.006179
1305031119.845600 1305031119.875700 1305031119.845600 1305031119.875700 0.006753 0.008362
1305031119.875700 1305031119.915500 1305031119.875700 1305031119.915500 0.006898 0.002087
1305031119.915500 1305031119.945600 1305031119.915500 1305031119.945600 0.004315 0.005801
1305031119.945600 1305031119.975600 1305031119.945600 1305031119.975600 0.007324 0.005599
1305031119.975600 1305031120.015600 1305031119.975600 1305031120.015600 0.002797 0.010013
1305031120.015600 1305031120.045600 1305031120.015600 1305031120.045600 0.008538 0.004348
1305031120.045600 1305031120.075600 1305031120.045600 1305031120.075600 0.004282 0.008179
1305031120.075600 1305031120.115600 1305031120.075600 1305031120.115600 0.004084 0.004096
1305031120.115600 1305031120.145600 1305031120.115600 1305031120.145600 0.008725 0.002700
1305031120.145600 1305031120.175600 1305031120.145600 1305031120.175600 0.005922 0.007453
1305031120.175600 1305031120.215600 1305031120.175600 1305031120.215600 0.005002 0.008271
1305031120.215600 1305031120.245600 1305031120.215600 1305031120.245600 0.001848 0.002698
1305031120.245600 1305031120.275700 1305031120.245600 1305031120.275700 0.002686 0.001542
1305031120.275700 1305031120.315600 1305031120.275700 1305031120.315600 0.010820 0.004201
1305031120.315600 1305031120.345600 1305031120.315600 1305031120.345600 0.007244 0.002829
1305031120.345600 1305031120.375600 1305031120.345600 1305031120.375600 0.007378 0.004814
1305031120.375600 1305031120.415600 1305031120.375600 1305031120.415600 0.004772 0.004793
1305031120.415600 1305031120.445600 1305031120.415600 1305031120.445600 0.014288 0.006285
1305031120.445600 1305031120.475600 1305031120.445600 1305031120.475600 0.003802 0.007506
1305031120.475600 1305031120.515600 1305031120.475600 1305031120.515600 0.009603 0.008949
1305031120.515600 1305031120.545600 1305031120.515600 1305031120.545600 0.005804 0.005228
1305031120.545600 1305031120.575600 1305031120.545600 1305031120.575600 0.003512 0.006511
1305031120.575600 1305031120.615600 1305031120.575600 1305031120.615600 0.009488 0.005469
1305031120.615600 1305031120.645600 1305031120.615600 1305031120.645600 0.012781 0.004287
1305031120.645600 1305031120.675700 1305031120.645600 1305031120.675700 0.005560 0.013918
1305031120.675700 1305031120.715600 1305031120.675700 1305031120.715600 0.012011 0.005517
1305031120.715600 1305031120.745700 1305031120.715600 1305031120.745700 0.011311 0.002711
1305031120.745700 1305031120.775600 1305031120.745700 1305031120.775600 0.003372 0.003399
1305031120.775600 1305031120.815600 1305031120.775600 1305031120.815600 0.017188 0.004450
1305031120.815600 1305031120.845600 1305031120.815600 1305031120.845600 0.003914 0.002252
1305031120.845600 1305031120.885600 1305031120.845600 1305031120.885600 0.015596 0.003425
1305031120.885600 1305031120.915600 1305031120.885600 1305031120.915600 0.003275 0.005161
1305031120.915600 1305031120.945700 1305031120.915600 1305031120.945700 0.009189 0.001997
1305031120.945700 1305031120.985600 1305031120.945700 1305031120.985600 0.006342 0.005711
1305031120.985600 1305031121.015600 1305031120.985600 1305031121.015600 0.013975 0.003074
1305031121.015600 1305031121.045600 1305031121.015600 1305031121.045600 0.008347 0.005493
1305031121.045600 1305031121.085600 1305031121.045600 1305031121.085600 0.004107 0.006300
1305031121.085600 1305031121.115600 1305031121.085600 1305031121.115600 0.008619 0.002176
1305031121.115600 1305031121.145600 1305031121.115600 1305031121.145600 0.006301 0.004103
1305031121.145600 1305031121.185600 1305031121.145600 1305031121.185600 0.001977 0.003947
1305031121.185600 1305031121.215600 1305031121.185600 1305031121.215600 0.003374 0.003786
1305031121.215600 1305031121.245600 1305031121.215600 1305031121.245600 0.007099 0.006394
1305031121.245600 1305031121.285600 1305031121.245600 1305031121.285600 0.011968 0.003447
1305031121.285600 1305031121.315600 1305031121.285600 1305031121.315600 0.007137 0.004509
1305031121.315600 1305031121.345600 1305031121.315600 1305031121.345600 0.007800 0.003735
1305031121.345600 1305031121.385600 1305031121.345600 1305031121.385600 0.006164 0.001846
1305031121.385600 1305031121.415600 1305031121.385600 1305031121.415600 0.006088 0.006159
1305031121.415600 1305031121.445600 1305031121.415600 1305031121.445600 0.005806 0.006181
1305031121.445600 1305031121.485600 1305031121.445600 1305031121.485600 0.005839 0.004304
1305031121.485600 1305031121.515600 1305031121.485600 1305031121.515600 0.010340 0.004375
1305031121.515600 1305031121.545600 1305031121.515600 1305031121.545600 0.007281 0.008328
1305031121.545600 1305031121.585600 1305031121.545600 1305031121.585600 0.002422 0.003626
1305031121.585600 1305031121.615600 1305031121.585600 1305031121.615600 0.003293 0.002862
1305031121.615600 1305031121.645600 1305031121.615600 1305031121.645600 0.008559 0.001140
1305031121.645600 1305031121.685600 1305031121.645600 1305031121.685600 0.003356 0.006492
1305031121.685600 1305031121.715600 1305031121.685600 1305031121.715600 0.011432 0.005826
1305031121.715600 1305031121.745700 1305031121.715600 1305031121.745700 0.004390 0.003567
1305031121.745700 1305031121.785600 1305031121.745700 1305031121.785600 0.005884 0.004136
1305031121.785600 1305031121.815600 1305031121.785600 1305031121.815600 0.008471 0.005091
1305031121.815600 1305031121.845700 1305031121.815600 1305031121.845700 0.002710 0.003997
1305031121.845700 1305031121.885600 1305031121.845700 1305031121.885600 0.006696 0.006821
1305031121.885600 1305031121.915600 1305031121.885600 1305031121.915600 0.006266 0.000983
1305031121.915600 1305031121.945600 1305031121.915600 1305031121.945600 0.000699 0.001675
1305031121.945600 1305031121.985600 1305031121.945600 1305031121.985600 0.004363 0.002210
1305031121.985600 1305031122.015600 1305031121.985600 1305031122.015600 0.002531 0.007017
1305031122.015600 1305031122.045600 1305031122.015600 1305031122.045600 0.005663 0.007907
1305031122.045600 1305031122.085800 1305031122.045600 1305031122.085800 0.009070 0.009968
1305031122.085800 1305031122.115600 1305031122.085800 1305031122.115600 0.004806 0.007640
1305031122.115600 1305031122.155600 1305031122.115600 1305031122.155600 0.006357 0.002441
1305031122.155600 1305031122.185600 1305031122.155600 1305031122.185600 0.002515 0.012745
1305031122.185600 1305031122.215600 1305031122.185600 1305031122.215600 0.007379 0.004454
1305031122.215600 1305031122.255600 1305031122.215600 1305031122.255600 0.010407 0.008799
1305031122.255600 1305031122.285600 1305031122.255600 1305031122.285600 0.005315 0.006948
1305031122.285600 1305031122.315600 1305031122.285600 1305031122.315600 0.010756 0.001121
1305031122.315600 1305031122.355600 1305031122.315600 1305031122.355600 0.008353 0.001238
1305031122.355600 1305031122.385500 1305031122.355600 1305031122.385500 0.011299 0.002557
1305031122.385500 1305031122.415600 1305031122.385500 1305031122.415600 0.003802 0.002922
1305031122.415600 1305031122.455500 1305031122.415600 1305031122.455500 0.005251 0.002545
1305031122.455500 1305031122.485600 1305031122.455500 1305031122.485600 0.008437 0.008839
1305031122.485600 1305031122.515600 1305031122.485600 1305031122.515600 0.003712 0.003260
1305031122.515600 1305031122.555500 1305031122.515600 1305031122.555500 0.012066 0.002112
1305031122.555500 1305031122.585600 1305031122.555500 1305031122.585600 0.011574 0.005817
1305031122.585600 1305031122.615700 1305031122.585600 1305031122.615700 0.001623 0.003857
1305031122.615700 1305031122.645600 1305031122.615700 1305031122.645600 0.009341 0.005526
1305031122.645600 1305031122.685600 1305031122.645600 1305031122.685600 0.003206 0.002661
1305031122.685600 1305031122.715600 1305031122.685600 1305031122.715600 0.004955 0.001252
1305031122.715600 1305031122.755600 1305031122.715600 1305031122.755600 0.006496 0.005651
1305031122.755600 1305031122.785600 1305031122.755600 1305031122.785600 0.001538 0.003171
1305031122.785600 1305031122.815600 1305031122.785600 1305031122.815600 0.013597 0.004764
1305031122.815600 1305031122.855600 1305031122.815600 1305031122.855600 0.010476 0.006540
1305031122.855600 1305031122.885600 1305031122.855600 1305031122.885600 0.007239 0.004353
1305031122.885600 1305031122.915600 1305031122.885600 1305031122.915600 0.009022 0.002667
1305031122.915600 1305031122.955600 1305031122.915600 1305031122.955600 0.009980 0.005423
1305031122.955600 1305031122.985600 1305031122.955600 1305031122.985600 0.005148 0.004101
1305031122.985600 1305031123.015500 1305031122.985600 1305031123.015500 0.006694 0.005439
1305031123.015500 1305031123.055700 1305031123.015500 1305031123.055700 0.007467 0.006010
1305031123.055700 1305031123.085600 1305031123.055700 1305031123.085600 0.005041 0.007833
1305031123.085600 1305031123.115600 1305031123.085600 1305031123.115600 0.010425 0.002977
1305031123.115600 1305031123.155500 1305031123.115600 1305031123.155500 0.004025 0.004970
1305031123.155500 1305031123.185500 1305031123.155500 1305031123.185500 0.011089 0.003321
1305031123.185500 1305031123.215500 1305031123.185500 1305031123.215500 0.007004 0.005073
1305031123.215500 1305031123.255500 1305031123.215500 1305031123.255500 0.015549 0.008661
1305031123.255500 1305031123.285600 1305031123.255500 1305031123.285600 0.005632 0.004842
1305031123.285600 1305031123.315600 1305031123.285600 1305031123.315600 0.008099 0.003320
1305031123.315600 1305031123.345600 1305031123.315600 1305031123.345600 0.008021 0.005372
1305031123.345600 1305031123.385600 1305031123.345600 1305031123.385600 0.011337 0.011648
1305031123.385600 1305031123.415600 1305031123.385600 1305031123.415600 0.006363 0.005138
1305031123.415600 1305031123.455500 1305031123.415600 1305031123.455500 0.007199 0.007332
1305031123.455500 1305031123.485600 1305031123.455500 1305031123.485600 0.008432 0.008331
1305031123.485600 1305031123.515500 1305031123.485600 1305031123.515500 0.002809 0.001543
1305031123.515500 1305031123.555600 1305031123.515500 1305031123.555600 0.012784 0.006312
1305031123.555600 1305031123.575500 1305031123.555600 1305031123.575500 0.006201 0.003037
1305031123.575500 1305031123.615500 1305031123.575500 1305031123.615500 0.003828 0.006745
1305031123.615500 1305031123.655600 1305031123.615500 1305031123.655600 0.006973 0.005506
1305031123.655600 1305031123.685600 1305031123.655600 1305031123.685600 0.015949 0.007544
1305031123.685600 1305031123.715500 1305031123.685600 1305031123.715500 0.001910 0.009524
1305031123.715500 1305031123.755500 1305031123.715500 1305031123.755500 0.010788 0.009410
1305031123.755500 1305031123.785600 1305031123.755500 1305031123.785600 0.004280 0.002741
1305031123.785600 1305031123.815500 1305031123.785600 1305031123.815500 0.003948 0.003943
1305031123.815500 1305031123.855500 1305031123.815500 1305031123.855500 0.006184 0.005490
1305031123.855500 1305031123.885500 1305031123.855500 1305031123.885500 0.005350 0.006355
1305031123.885500 1305031123.915500 1305031123.885500 1305031123.915500 0.011115 0.004424
1305031123.915500 1305031123.955600 1305031123.915500 1305031123.955600 0.002932 0.009188
1305031123.955600 1305031123.985600 1305031123.955600 1305031123.985600 0.004866 0.005338
1305031123.985600 1305031124.015500 1305031123.985600 1305031124.015500 0.012212 0.011071
1305031124.015500 1305031124.055500 1305031124.015500 1305031124.055500 0.002356 0.006636
1305031124.055500 1305031124.085500 1305031124.055500 1305031124.085500 0.006892 0.005703
1305031124.085500 1305031124.115500 1305031124.085500 1305031124.115500 0.013096 0.007509
1305031124.115500 1305031124.145600 1305031124.115500 1305031124.145600 0.006857 0.001826
1305031124.145600 1305031124.185500 1305031124.145600 1305031124.185500 0.006308 0.003459
1305031124.185500 1305031124.215500 1305031124.185500 1305031124.215500 0.006928 0.004833
1305031124.215500 1305031124.245500 1305031124.215500 1305031124.245500 0.004711 0.002893
1305031124.245500 1305031124.285500 1305031124.245500 1305031124.285500 0.011591 0.006941
1305031124.285500 1305031124.315500 1305031124.285500 1305031124.315500 0.010822 0.005432
1305031124.315500 1305031124.345500 1305031124.315500 1305031124.345500 0.000561 0.002240
1305031124.345500 1305031124.385600 1305031124.345500 1305031124.385600 0.004319 0.003869
1305031124.385600 1305031124.415500 1305031124.385600 1305031124.415500 0.005351 0.004148
1305031124.415500 1305031124.445600 1305031124.415500 1305031124.445600 0.005023 0.007662
1305031124.445600 1305031124.475600 1305031124.445600 1305031124.475600 0.004407 0.005880
1305031124.475600 1305031124.515500 1305031124.475600 1305031124.515500 0.005166 0.006424
1305031124.515500 1305031124.545500 1305031124.515500 1305031124.545500 0.004034 0.003281
1305031124.545500 1305031124.575500 1305031124.545500 1305031124.575500 0.017670 0.005903
1305031124.575500 1305031124.615500 1305031124.575500 1305031124.615500 0.010992 0.006217
1305031124.615500 1305031124.655600 1305031124.615500 1305031124.655600 0.008871 0.010491
1305031124.655600 1305031124.675600 1305031124.655600 1305031124.675600 0.008276 0.003437
1305031124.675600 1305031124.715500 1305031124.675600 1305031124.715500 0.011186 0.002771
1305031124.715500 1305031124.745500 1305031124.715500 1305031124.745500 0.006043 0.008371
1305031124.745500 1305031124.775500 1305031124.745500 1305031124.775500 0.013036 0.005246
1305031124.775500 1305031124.815500 1305031124.775500 1305031124.815500 0.005169 0.006585
1305031124.815500 1305031124.855500 1305031124.815500 1305031124.855500 0.006615 0.004833
1305031124.855500 1305031124.875600 1305031124.855500 1305031124.875600 0.006810 0.004704
1305031124.875600 1305031124.915600 1305031124.875600 1305031124.915600 0.016795 0.005245
1305031124.915600 1305031124.955600 1305031124.915600 1305031124.955600 0.005735 0.003845
1305031124.955600 1305031124.975800 1305031124.955600 1305031124.975800 0.006335 0.004828
1305031124.975800 1305031125.015500 1305031124.975800 1305031125.015500 0.013432 0.004912
1305031125.015500 1305031125.055500 1305031125.015500 1305031125.055500 0.005470 0.007049
1305031125.055500 1305031125.075500 1305031125.055500 1305031125.075500 0.002995 0.007702
1305031125.075500 1305031125.115500 1305031125.075500 1305031125.115500 0.006173 0.005661
1305031125.115500 1305031125.155600 1305031125.115500 1305031125.155600 0.016964 0.003753
1305031125.155600 1305031125.175600 1305031125.155600 1305031125.175600 0.001888 0.002847
1305031125.175600 1305031125.215500 1305031125.175600 1305031125.215500 0.011889 0.005182
1305031125.215500 1305031125.255500 1305031125.215500 1305031125.255500 0.002109 0.005725
1305031125.255500 1305031125.275600 1305031125.255500 1305031125.275600 0.005383 0.005515
1305031125.275600 1305031125.315500 1305031125.275600 1305031125.315500 0.007197 0.004508
1305031125.315500 1305031125.346200 1305031125.315500 1305031125.346200 0.013369 0.004471
1305031125.346200 1305031125.375600 1305031125.346200 1305031125.375600 0.009920 0.007173
1305031125.375600 1305031125.415600 1305031125.375600 1305031125.415600 0.008238 0.009133
1305031125.415600 1305031125.455600 1305031125.415600 1305031125.455600 0.003221 0.010793
1305031125.455600 1305031125.475600 1305031125.455600 1305031125.475600 0.005711 0.003536
1305031125.475600 1305031125.515600 1305031125.475600 1305031125.515600 0.011312 0.003027
1305031125.515600 1305031125.555500 1305031125.515600 1305031125.555500 0.003468 0.004583
1305031125.555500 1305031125.575500 1305031125.555500 1305031125.575500 0.008071 0.002229
1305031125.575500 1305031125.615600 1305031125.575500 1305031125.615600 0.005229 0.007695
1305031125.615600 1305031125.655600 1305031125.615600 1305031125.655600 0.007233 0.004450
1305031125.655600 1305031125.675600 1305031125.655600 1305031125.675600 0.006072 0.003508
1305031125.675600 1305031125.715500 1305031125.675600 1305031125.715500 0.006783 0.009005
1305031125.715500 1305031125.755500 1305031125.715500 1305031125.755500 0.005528 0.004746
1305031125.755500 1305031125.775500 1305031125.755500 1305031125.775500 0.001620 0.003059
1305031125.775500 1305031125.815500 1305031125.775500 1305031125.815500 0.011369 0.003991
1305031125.815500 1305031125.845500 1305031125.815500 1305031125.845500 0.007651 0.005837
1305031125.845500 1305031125.875500 1305031125.845500 1305031125.875500 0.005296 0.009885
1305031125.875500 1305031125.915500 1305031125.875500 1305031125.915500 0.003320 0.006624
1305031125.915500 1305031125.945700 1305031125.915500 1305031125.945700 0.005070 0.006697
1305031125.945700 1305031125.975500 1305031125.945700 1305031125.975500 0.007853 0.009316
1305031125.975500 1305031126.015500 1305031125.975500 1305031126.015500 0.013616 0.008331
1305031126.015500 1305031126.045500 1305031126.015500 1305031126.045500 0.002368 0.004527
1305031126.045500 1305031126.075600 1305031126.045500 1305031126.075600 0.003858 0.001517
1305031126.075600 1305031126.115500 1305031126.075600 1305031126.115500 0.007622 0.004443
1305031126.115500 1305031126.145500 1305031126.115500 1305031126.145500 0.007567 0.006388
1305031126.145500 1305031126.175500 1305031126.145500 1305031126.175500 0.007407 0.002840
1305031126.175500 1305031126.215500 1305031126.175500 1305031126.215500 0.013860 0.004824
1305031126.215500 1305031126.245500 1305031126.215500 1305031126.245500 0.007615 0.005106
1305031126.245500 1305031126.275500 1305031126.245500 1305031126.275500 0.011115 0.004834
1305031126.275500 1305031126.315500 1305031126.275500 1305031126.315500 0.012554 0.003931
1305031126.315500 1305031126.345600 1305031126.315500 1305031126.345600 0.002656 0.005908
1305031126.345600 1305031126.375700 1305031126.345600 1305031126.375700 0.009715 0.006337
1305031126.375700 1305031126.415500 1305031126.375700 1305031126.415500 0.017520 0.003095
1305031126.415500 1305031126.445500 1305031126.415500 1305031126.445500 0.006115 0.007068
1305031126.445500 1305031126.475600 1305031126.445500 1305031126.475600 0.015800 0.004566
1305031126.475600 1305031126.515500 1305031126.475600 1305031126.515500 0.010586 0.004161
1305031126.515500 1305031126.545900 1305031126.515500 1305031126.545900 0.000837 0.003840
1305031126.545900 1305031126.575600 1305031126.545900 1305031126.575600 0.009197 0.002123
1305031126.575600 1305031126.615500 1305031126.575600 1305031126.615500 0.008492 0.006277
1305031126.615500 1305031126.645500 1305031126.615500 1305031126.645500 0.004847 0.000964
1305031126.645500 1305031126.675600 1305031126.645500 1305031126.675600 0.002724 0.002309
1305031126.675600 1305031126.715500 1305031126.675600 1305031126.715500 0.013948 0.009005
1305031126.715500 1305031126.745600 1305031126.715500 1305031126.745600 0.007697 0.005067
1305031126.745600 1305031126.775500 1305031126.745600 1305031126.775500 0.001943 0.005179
1305031126.775500 1305031126.815600 1305031126.775500 1305031126.815600 0.004828 0.003876
1305031126.815600 1305031126.845500 1305031126.815600 1305031126.845500 0.005191 0.001823
1305031126.845500 1305031126.876000 1305031126.845500 1305031126.876000 0.003373 0.002699
1305031126.876000 1305031126.915500 1305031126.876000 1305031126.915500 0.005018 0.005242
1305031126.915500 1305031126.945500 1305031126.915500 1305031126.945500 0.002392 0.002182
1305031126.945500 1305031126.975600 1305031126.945500 1305031126.975600 0.004128 0.005236
1305031126.975600 1305031127.015600 1305031126.975600 1305031127.015600 0.008847 0.005771
1305031127.015600 1305031127.045500 1305031127.015600 1305031127.045500 0.004578 0.004611
1305031127.045500 1305031127.075500 1305031127.045500 1305031127.075500 0.002404 0.002663
1305031127.075500 1305031127.115500 1305031127.075500 1305031127.115500 0.002903 0.006200
1305031127.115500 1305031127.145500 1305031127.115500 1305031127.145500 0.004161 0.004672
1305031127.145500 1305031127.175600 1305031127.145500 1305031127.175600 0.003205 0.002819
1305031127.175600 1305031127.215500 1305031127.175600 1305031127.215500 0.005856 0.002998
1305031127.215500 1305031127.245500 1305031127.215500 1305031127.245500 0.003462 0.002581
1305031127.245500 1305031127.275500 1305031127.245500 1305031127.275500 0.003370 0.003866
1305031127.275500 1305031127.315500 1305031127.275500 1305031127.315500 0.002837 0.003717
1305031127.315500 1305031127.345600 1305031127.315500 1305031127.345600 0.003327 0.000672
1305031127.345600 1305031127.375500 1305031127.345600 1305031127.375500 0.003744 0.002131
1305031127.375500 1305031127.415400 1305031127.375500 1305031127.415400 0.005425 0.004201
1305031127.415400 1305031127.445500 1305031127.415400 1305031127.445500 0.002526 0.006387
1305031127.445500 1305031127.475500 1305031127.445500 1305031127.475500 0.003056 0.003046
1305031127.475500 1305031127.515500 1305031127.475500 1305031127.515500 0.003748 0.001773
1305031127.515500 1305031127.545500 1305031127.515500 1305031127.545500 0.001590 0.001624
1305031127.545500 1305031127.575500 1305031127.545500 1305031127.575500 0.004227 0.003484
1305031127.575500 1305031127.615400 1305031127.575500 1305031127.615400 0.005085 0.002694
1305031127.615400 1305031127.645700 1305031127.615400 1305031127.645700 0.003977 0.004545
1305031127.645700 1305031127.675500 1305031127.645700 1305031127.675500 0.003072 0.003807
1305031127.675500 1305031127.715500 1305031127.675500 1305031127.715500 0.002967 0.006788
1305031127.715500 1305031127.745500 1305031127.715500 1305031127.745500 0.004914 0.003984
1305031127.745500 1305031127.775500 1305031127.745500 1305031127.775500 0.006136 0.006394
1305031127.775500 1305031127.815500 1305031127.775500 1305031127.815500 0.001829 0.005387
1305031127.815500 1305031127.845600 1305031127.815500 1305031127.845600 0.002084 0.007484
1305031127.845600 1305031127.875500 1305031127.845600 1305031127.875500 0.002909 0.003621
1305031127.875500 1305031127.915500 1305031127.875500 1305031127.915500 0.004125 0.001211
1305031127.915500 1305031127.945500 1305031127.915500 1305031127.945500 0.003800 0.006792
1305031127.945500 1305031127.975500 1305031127.945500 1305031127.975500 0.003973 0.008477
1305031127.975500 1305031128.015400 1305031127.975500 1305031128.015400 0.004136 0.005445
1305031128.015400 1305031128.045500 1305031128.015400 1305031128.045500 0.003030 0.004148
1305031128.045500 1305031128.075600 1305031128.045500 1305031128.075600 0.003556 0.001593
1305031128.075600 1305031128.115500 1305031128.075600 1305031128.115500 0.002170 0.002562
1305031128.115500 1305031128.145500 1305031128.115500 1305031128.145500 0.005863 0.009201
1305031128.145500 1305031128.175500 1305031128.145500 1305031128.175500 0.002284 0.003928
1305031128.175500 1305031128.215500 1305031128.175500 1305031128.215500 0.004038 0.002506
1305031128.215500 1305031128.245500 1305031128.215500 1305031128.245500 0.002477 0.001501
1305031128.245500 1305031128.275500 1305031128.245500 1305031128.275500 0.001552 0.002826
1305031128.275500 1305031128.315500 1305031128.275500 1305031128.315500 0.002579 0.004244
1305031128.315500 1305031128.345500 1305031128.315500 1305031128.345500 0.005988 0.003993
1305031128.345500 1305031128.375500 1305031128.345500 1305031128.375500 0.002016 0.000772
1305031128.375500 1305031128.415400 1305031128.375500 1305031128.415400 0.001417 0.003771
1305031128.415400 1305031128.445400 1305031128.415400 1305031128.445400 0.001538 0.003222
1305031128.445400 1305031128.475500 1305031128.445400 1305031128.475500 0.003804 0.002137
1305031128.475500 1305031128.515600 1305031128.475500 1305031128.515600 0.002953 0.002741
1305031128.515600 1305031128.545500 1305031128.515600 1305031128.545500 0.003505 0.001219
1305031128.545500 1305031128.575500 1305031128.545500 1305031128.575500 0.003636 0.004808
1305031128.575500 1305031128.615500 1305031128.575500 1305031128.615500 0.002660 0.007944
1305031128.615500 1305031128.645500 1305031128.615500 1305031128.645500 0.001255 0.004516
1305031128.645500 1305031128.675500 1305031128.645500 1305031128.675500 0.002550 0.001051