# groundtruth timestamps rgb timestamps
1305031102.175800 1305031102.175304
1305031102.215900 1305031102.211214
1305031102.275800 1305031102.275326
1305031102.315800 1305031102.311267
1305031102.345800 1305031102.343233
1305031102.375800 1305031102.375329
1305031102.415900 1305031102.411258
1305031102.445800 1305031102.443271
1305031102.475800 1305031102.475318
1305031102.515900 1305031102.511219
1305031102.575900 1305031102.575286
1305031102.615900 1305031102.611233
1305031102.675900 1305031102.675285
1305031102.715900 1305031102.711263
1305031102.745800 1305031102.743234
1305031102.775800 1305031102.775472
1305031102.815900 1305031102.811232
1305031102.845800 1305031102.843290
1305031102.875800 1305031102.875363
1305031102.915900 1305031102.911185
1305031102.975900 1305031102.975203
1305031103.015900 1305031103.011215
1305031103.045800 1305031103.043227
1305031103.075800 1305031103.075319
1305031103.115800 1305031103.111240
1305031103.145900 1305031103.143318
1305031103.175800 1305031103.175452
1305031103.245800 1305031103.243216
1305031103.275800 1305031103.275370
1305031103.315800 1305031103.311210
1305031103.345900 1305031103.343223
1305031103.375900 1305031103.375327
1305031103.415800 1305031103.411260
1305031103.445800 1305031103.443280
1305031103.475900 1305031103.475274
1305031103.516000 1305031103.511333
1305031103.545800 1305031103.543444
1305031103.575900 1305031103.575474
1305031103.615900 1305031103.611223
1305031103.645800 1305031103.643445
1305031103.675800 1305031103.675523
1305031103.715800 1305031103.711610
1305031103.745800 1305031103.743326
1305031103.775800 1305031103.775342
1305031103.815900 1305031103.811242
1305031103.845800 1305031103.843251
1305031103.875800 1305031103.875361
1305031103.915800 1305031103.911221
1305031103.945800 1305031103.943211
1305031103.975800 1305031103.975373
1305031104.015800 1305031104.011232
1305031104.045800 1305031104.043249
1305031104.075900 1305031104.075425
1305031104.115800 1305031104.111235
1305031104.145800 1305031104.143230
1305031104.175800 1305031104.175424
1305031104.215900 1305031104.211283
1305031104.245800 1305031104.243196
1305031104.275900 1305031104.275546
1305031104.315800 1305031104.311219
1305031104.346000 1305031104.343342
1305031104.375800 1305031104.375837
1305031104.415800 1305031104.411509
1305031104.445800 1305031104.443288
1305031104.475800 1305031104.475456
1305031104.515800 1305031104.511329
1305031104.545800 1305031104.543368
1305031104.575800 1305031104.575343
1305031104.615900 1305031104.611336
1305031104.645800 1305031104.643243
1305031104.675900 1305031104.675525
1305031104.715800 1305031104.711277
1305031104.745800 1305031104.743280
1305031104.775800 1305031104.775327
1305031104.815800 1305031104.811465
1305031104.845800 1305031104.843258
1305031104.875800 1305031104.875350
1305031104.915800 1305031104.911534
1305031104.945800 1305031104.943262
1305031104.975900 1305031104.975202
1305031105.015800 1305031105.011290
1305031105.045800 1305031105.043373
1305031105.075800 1305031105.075320
1305031105.115800 1305031105.111299
1305031105.145800 1305031105.143106
1305031105.175800 1305031105.175159
1305031105.215900 1305031105.211268
1305031105.245800 1305031105.243270
1305031105.275800 1305031105.275288
1305031105.315800 1305031105.311290
1305031105.345800 1305031105.343302
1305031105.375800 1305031105.375338
1305031105.415800 1305031105.411286
1305031105.445800 1305031105.443316
1305031105.476100 1305031105.475280
1305031105.515800 1305031105.511332
1305031105.545900 1305031105.543282
1305031105.575800 1305031105.575449
1305031105.615800 1305031105.611378
1305031105.645800 1305031105.643273
1305031105.715800 1305031105.711309
1305031105.745900 1305031105.743312
1305031105.775800 1305031105.775339
1305031105.815800 1305031105.811283
1305031105.845800 1305031105.843271
1305031105.875800 1305031105.875337
1305031105.915900 1305031105.911262
1305031105.945800 1305031105.943272
1305031105.975800 1305031105.975329
1305031106.015800 1305031106.011285
1305031106.045800 1305031106.043355
1305031106.075800 1305031106.075330
1305031106.115800 1305031106.111327
1305031106.145800 1305031106.143355
1305031106.175800 1305031106.175534
1305031106.215800 1305031106.211275
1305031106.245800 1305031106.243267
1305031106.275800 1305031106.276385
1305031106.315800 1305031106.311238
1305031106.345800 1305031106.343258
1305031106.375800 1305031106.375388
1305031106.415800 1305031106.411320
1305031106.445800 1305031106.443278
1305031106.475800 1305031106.475345
1305031106.515900 1305031106.511129
1305031106.545800 1305031106.543302
1305031106.575800 1305031106.575282
1305031106.615800 1305031106.611151
1305031106.645800 1305031106.643207
1305031106.675800 1305031106.675279
1305031106.715800 1305031106.711508
1305031106.745800 1305031106.743341
1305031106.775800 1305031106.775390
1305031106.815800 1305031106.811289
1305031106.845800 1305031106.843416
1305031106.876000 1305031106.875905
1305031106.915800 1305031106.911243
1305031106.945800 1305031106.943439
1305031106.975800 1305031106.975547
1305031107.015800 1305031107.011576
1305031107.045800 1305031107.043281
1305031107.075900 1305031107.075432
1305031107.115800 1305031107.111229
1305031107.145800 1305031107.143260
1305031107.175800 1305031107.175399
1305031107.215800 1305031107.211358
1305031107.245800 1305031107.243378
1305031107.275800 1305031107.275398
1305031107.315800 1305031107.311226
1305031107.345800 1305031107.343509
1305031107.375800 1305031107.375413
1305031107.415800 1305031107.411271
1305031107.445800 1305031107.443419
1305031107.475800 1305031107.475377
1305031107.515800 1305031107.511352
1305031107.545700 1305031107.543605
1305031107.575800 1305031107.575454
1305031107.615800 1305031107.611271
1305031107.645800 1305031107.643323
1305031107.675800 1305031107.675568
1305031107.715700 1305031107.711307
1305031107.745800 1305031107.743538
1305031107.775800 1305031107.775802
1305031107.815800 1305031107.811596
1305031107.845900 1305031107.843332
1305031107.875700 1305031107.875358
1305031107.915800 1305031107.911541
1305031107.945800 1305031107.943122
1305031107.975800 1305031107.975807
1305031108.015900 1305031108.011320
1305031108.045800 1305031108.043418
1305031108.075800 1305031108.075352
1305031108.115800 1305031108.111378
1305031108.145900 1305031108.143334
1305031108.175800 1305031108.176058
1305031108.215800 1305031108.211475
1305031108.245800 1305031108.243347
1305031108.275800 1305031108.275358
1305031108.315700 1305031108.311332
1305031108.345800 1305031108.343278
1305031108.375800 1305031108.375410
1305031108.415700 1305031108.411361
1305031108.445900 1305031108.443610
1305031108.475800 1305031108.475471
1305031108.515800 1305031108.511378
1305031108.545800 1305031108.543737
1305031108.575900 1305031108.575414
1305031108.615700 1305031108.611407
1305031108.645700 1305031108.643303
1305031108.675700 1305031108.675375
1305031108.715800 1305031108.711411
1305031108.745800 1305031108.743502
1305031108.775800 1305031108.775493
1305031108.815900 1305031108.811244
1305031108.835700 1305031108.843264
1305031108.945800 1305031108.943243
1305031108.975800 1305031108.975268
1305031109.015700 1305031109.011269
1305031109.045800 1305031109.043277
1305031109.075700 1305031109.075410
1305031109.115700 1305031109.111282
1305031109.145700 1305031109.143334
1305031109.175700 1305031109.175464
1305031109.215700 1305031109.211379
1305031109.245700 1305031109.243290
1305031109.275700 1305031109.275308
1305031109.315700 1305031109.311329
1305031109.345700 1305031109.343248
1305031109.375700 1305031109.375397
1305031109.415800 1305031109.411329
1305031109.445700 1305031109.443302
1305031109.475800 1305031109.475363
1305031109.515800 1305031109.511273
1305031109.545800 1305031109.543294
1305031109.575700 1305031109.575362
1305031109.615800 1305031109.611310
1305031109.645700 1305031109.643229
1305031109.675700 1305031109.675263
1305031109.715700 1305031109.711312
1305031109.745700 1305031109.743274
1305031109.775800 1305031109.775277
1305031109.815700 1305031109.811371
1305031109.845700 1305031109.843296
1305031109.875800 1305031109.875306
1305031109.915800 1305031109.911265
1305031109.945700 1305031109.943299
1305031109.975800 1305031109.975258
1305031110.015700 1305031110.011256
1305031110.045700 1305031110.043299
1305031110.075700 1305031110.075319
1305031110.115700 1305031110.111325
1305031110.145800 1305031110.143432
1305031110.175700 1305031110.175641
1305031110.215800 1305031110.211637
1305031110.245700 1305031110.243323
1305031110.275700 1305031110.279321
1305031110.315700 1305031110.311404
1305031110.345700 1305031110.343355
1305031110.375700 1305031110.379281
1305031110.415700 1305031110.411469
1305031110.445700 1305031110.443260
1305031110.475700 1305031110.479331
1305031110.515700 1305031110.511429
1305031110.545700 1305031110.543408
1305031110.575700 1305031110.579426
1305031110.615700 1305031110.611307
1305031110.645700 1305031110.643418
1305031110.675700 1305031110.679606
1305031110.715700 1305031110.711412
1305031110.745700 1305031110.743249
1305031110.775800 1305031110.779193
1305031110.815700 1305031110.811386
1305031110.845700 1305031110.843218
1305031110.875700 1305031110.879313
1305031110.915800 1305031110.911333
1305031110.945700 1305031110.943862
1305031110.975700 1305031110.979345
1305031111.015700 1305031111.011431
1305031111.045800 1305031111.043327
1305031111.075700 1305031111.079283
1305031111.115700 1305031111.111508
1305031111.145700 1305031111.143257
1305031111.175700 1305031111.179326
1305031111.215700 1305031111.211433
1305031111.245800 1305031111.243236
1305031111.275700 1305031111.279308
1305031111.315700 1305031111.311547
1305031111.345700 1305031111.343397
1305031111.375700 1305031111.379134
1305031111.415700 1305031111.411296
1305031111.445700 1305031111.443386
1305031111.476000 1305031111.479259
1305031111.515700 1305031111.511264
1305031111.545800 1305031111.543250
1305031111.575800 1305031111.579237
1305031111.615700 1305031111.611271
1305031111.645700 1305031111.643395
1305031111.675700 1305031111.679320
1305031111.715700 1305031111.711760
1305031111.745700 1305031111.743386
1305031111.775700 1305031111.779423
1305031111.815700 1305031111.811406
1305031111.845800 1305031111.843299
1305031111.875700 1305031111.879442
1305031111.915700 1305031111.911354
1305031111.945700 1305031111.943300
1305031111.975800 1305031111.979449
1305031112.015700 1305031112.011433
1305031112.045800 1305031112.043270
1305031112.075700 1305031112.079339
1305031112.115700 1305031112.111423
1305031112.145700 1305031112.144342
1305031112.175700 1305031112.179390
1305031112.215800 1305031112.211254
1305031112.245700 1305031112.243369
1305031112.275700 1305031112.279353
1305031112.315700 1305031112.311312
1305031112.345800 1305031112.343323
1305031112.375700 1305031112.379360
1305031112.415700 1305031112.411442
1305031112.445700 1305031112.443391
1305031112.475700 1305031112.479418
1305031112.515700 1305031112.511504
1305031112.545900 1305031112.543212
1305031112.575700 1305031112.579252
1305031112.615700 1305031112.611261
1305031112.645800 1305031112.643246
1305031112.675800 1305031112.679952
1305031112.715700 1305031112.711251
1305031112.745700 1305031112.743245
1305031112.775700 1305031112.779310
1305031112.815700 1305031112.811310
1305031112.845700 1305031112.843286
1305031112.875700 1305031112.879421
1305031112.915700 1305031112.911411
1305031112.945700 1305031112.943321
1305031112.975700 1305031112.979278
1305031113.015700 1305031113.011353
1305031113.045800 1305031113.043231
1305031113.075700 1305031113.079251
1305031113.115700 1305031113.111316
1305031113.145700 1305031113.143306
1305031113.175700 1305031113.179343
1305031113.215900 1305031113.211259
1305031113.245700 1305031113.243227
1305031113.275700 1305031113.279312
1305031113.315700 1305031113.311452
1305031113.345700 1305031113.343252
1305031113.375700 1305031113.379312
1305031113.415700 1305031113.411625
1305031113.445700 1305031113.443266
1305031113.475700 1305031113.479311
1305031113.515700 1305031113.511523
1305031113.545700 1305031113.543242
1305031113.575700 1305031113.579301
1305031113.615800 1305031113.611268
1305031113.645700 1305031113.643222
1305031113.675700 1305031113.679288
1305031113.715700 1305031113.711931
1305031113.745800 1305031113.743590
1305031113.775700 1305031113.779320
1305031113.815700 1305031113.811237
1305031113.845700 1305031113.843295
1305031113.875700 1305031113.879281
1305031113.915700 1305031113.911290
1305031113.945700 1305031113.943291
1305031113.975700 1305031113.979293
1305031114.015700 1305031114.011257
1305031114.045700 1305031114.043301
1305031114.075700 1305031114.079285
1305031114.115700 1305031114.111263
1305031114.145700 1305031114.143284
1305031114.175700 1305031114.179337
1305031114.215700 1305031114.211303
1305031114.245600 1305031114.243337
1305031114.275700 1305031114.279390
1305031114.315700 1305031114.311429
1305031114.345700 1305031114.343331
1305031114.375700 1305031114.379320
1305031114.415700 1305031114.411397
1305031114.445600 1305031114.443345
1305031114.475700 1305031114.479332
1305031114.515700 1305031114.511266
1305031114.545700 1305031114.543236
1305031114.575600 1305031114.579237
1305031114.615700 1305031114.611391
1305031114.645600 1305031114.644136
1305031114.675700 1305031114.679251
1305031114.715700 1305031114.711306
1305031114.745700 1305031114.743200
1305031114.775700 1305031114.779289
1305031114.815600 1305031114.811303
1305031114.845700 1305031114.843208
1305031114.875700 1305031114.879281
1305031114.915700 1305031114.912879
1305031114.945600 1305031114.943234
1305031114.975700 1305031114.979280
1305031115.015700 1305031115.011300
1305031115.045700 1305031115.043508
1305031115.075600 1305031115.079238
1305031115.115700 1305031115.111230
1305031115.145700 1305031115.143275
1305031115.175600 1305031115.179440
1305031115.215700 1305031115.211374
1305031115.245700 1305031115.243297
1305031115.275700 1305031115.279966
1305031115.315600 1305031115.311704
1305031115.345600 1305031115.343235
1305031115.375700 1305031115.379166
1305031115.415700 1305031115.411237
1305031115.445700 1305031115.443159
1305031115.475600 1305031115.479241
1305031115.515600 1305031115.511253
1305031115.545700 1305031115.543604
1305031115.575700 1305031115.579315
1305031115.615700 1305031115.611424
1305031115.645700 1305031115.643254
1305031115.675700 1305031115.679241
1305031115.715700 1305031115.711320
1305031115.745700 1305031115.743250
1305031115.775700 1305031115.779425
1305031115.815600 1305031115.811277
1305031115.845700 1305031115.843224
1305031115.875600 1305031115.879198
1305031115.915600 1305031115.911118
1305031115.945700 1305031115.943311
1305031115.985700 1305031115.980740
1305031116.015600 1305031116.011379
1305031116.045700 1305031116.043164
1305031116.075700 1305031116.080030
1305031116.115700 1305031116.111300
1305031116.145700 1305031116.143441
1305031116.175700 1305031116.179572
1305031116.215700 1305031116.211299
1305031116.245700 1305031116.243320
1305031116.275700 1305031116.279385
1305031116.315600 1305031116.311336
1305031116.345700 1305031116.343292
1305031116.375700 1305031116.379384
1305031116.415700 1305031116.411333
1305031116.445600 1305031116.443369
1305031116.475700 1305031116.479850
1305031116.515700 1305031116.511205
1305031116.545600 1305031116.543262
1305031116.575700 1305031116.579313
1305031116.615700 1305031116.611261
1305031116.645700 1305031116.643355
1305031116.675600 1305031116.679281
1305031116.715700 1305031116.711634
1305031116.745700 1305031116.743291
1305031116.775700 1305031116.779298
1305031116.815600 1305031116.811318
1305031116.845600 1305031116.846089
1305031116.875700 1305031116.880165
1305031116.915700 1305031116.912044
1305031116.945600 1305031116.943296
1305031116.975600 1305031116.979351
1305031117.015700 1305031117.011382
1305031117.045700 1305031117.043261
1305031117.075700 1305031117.079520
1305031117.115900 1305031117.111238
1305031117.145700 1305031117.143218
1305031117.175600 1305031117.179264
1305031117.215700 1305031117.211361
1305031117.245600 1305031117.243277
1305031117.275600 1305031117.279299
1305031117.315600 1305031117.311200
1305031117.345700 1305031117.343243
1305031117.375700 1305031117.379454
1305031117.415600 1305031117.411221
1305031117.445600 1305031117.443274
1305031117.475700 1305031117.479403
1305031117.515600 1305031117.511325
1305031117.545600 1305031117.544285
1305031117.575700 1305031117.579155
1305031117.615700 1305031117.611159
1305031117.645700 1305031117.643252
1305031117.675600 1305031117.679262
1305031117.715600 1305031117.711184
1305031117.745700 1305031117.743184
1305031117.775700 1305031117.779467
1305031117.815600 1305031117.811320
1305031117.845700 1305031117.843291
1305031117.875700 1305031117.879451
1305031117.915600 1305031117.911407
1305031117.945600 1305031117.943253
1305031117.975600 1305031117.979228
1305031118.015700 1305031118.011228
1305031118.045700 1305031118.043521
1305031118.075700 1305031118.079334
1305031118.115600 1305031118.111217
1305031118.145700 1305031118.143256
1305031118.175600 1305031118.179323
1305031118.215600 1305031118.211202
1305031118.245600 1305031118.243173
1305031118.275700 1305031118.279194
1305031118.315600 1305031118.311299
1305031118.345700 1305031118.343324
1305031118.375600 1305031118.379208
1305031118.415600 1305031118.411296
1305031118.445700 1305031118.445692
1305031118.475700 1305031118.479285
1305031118.515600 1305031118.511255
1305031118.545600 1305031118.544414
1305031118.575600 1305031118.579285
1305031118.615600 1305031118.616142
1305031118.645600 1305031118.645325
1305031118.675600 1305031118.679295
1305031118.715600 1305031118.711421
1305031118.745600 1305031118.746770
1305031118.775600 1305031118.779277
1305031118.815600 1305031118.811221
1305031118.845600 1305031118.846753
1305031118.875600 1305031118.879208
1305031118.915600 1305031118.911177
1305031118.945600 1305031118.946974
1305031118.975600 1305031118.979374
1305031119.015700 1305031119.011363
1305031119.045600 1305031119.047172
1305031119.075700 1305031119.079223
1305031119.115600 1305031119.111328
1305031119.145700 1305031119.147616
1305031119.175700 1305031119.179226
1305031119.215600 1305031119.211364
1305031119.245700 1305031119.247399
1305031119.275600 1305031119.279212
1305031119.315600 1305031119.311212
1305031119.345700 1305031119.347741
1305031119.375600 1305031119.379239
1305031119.415600 1305031119.411484
1305031119.445600 1305031119.447706
1305031119.475600 1305031119.479267
1305031119.515700 1305031119.511240
1305031119.545600 1305031119.547382
1305031119.575600 1305031119.579559
1305031119.615600 1305031119.615017
1305031119.645600 1305031119.647903
1305031119.675600 1305031119.679208
1305031119.715700 1305031119.715232
1305031119.745700 1305031119.747193
1305031119.775600 1305031119.779169
1305031119.815600 1305031119.814537
1305031119.845600 1305031119.847429
1305031119.875700 1305031119.879214
1305031119.915500 1305031119.911401
1305031119.945600 1305031119.947392
1305031119.975600 1305031119.979537
1305031120.015600 1305031120.015264
1305031120.045600 1305031120.047290
1305031120.075600 1305031120.079418
1305031120.115600 1305031120.115232
1305031120.145600 1305031120.148157
1305031120.175600 1305031120.179246
1305031120.215600 1305031120.215249
1305031120.245600 1305031120.248003
1305031120.275700 1305031120.279430
1305031120.315600 1305031120.315196
1305031120.345600 1305031120.347787
1305031120.375600 1305031120.379437
1305031120.415600 1305031120.415445
1305031120.445600 1305031120.447417
1305031120.475600 1305031120.479432
1305031120.515600 1305031120.514819
1305031120.545600 1305031120.547736
1305031120.575600 1305031120.579551
1305031120.615600 1305031120.615236
1305031120.645600 1305031120.647354
1305031120.675700 1305031120.679318
1305031120.715600 1305031120.714522
1305031120.745700 1305031120.747369
1305031120.775600 1305031120.779894
1305031120.815600 1305031120.814944
1305031120.845600 1305031120.847921
1305031120.885600 1305031120.883435
1305031120.915600 1305031120.915444
1305031120.945700 1305031120.947488
1305031120.985600 1305031120.983366
1305031121.015600 1305031121.015019
1305031121.045600 1305031121.047498
1305031121.085600 1305031121.083099
1305031121.115600 1305031121.114696
1305031121.145600 1305031121.147331
1305031121.185600 1305031121.183271
1305031121.215600 1305031121.211420
1305031121.245600 1305031121.247194
1305031121.285600 1305031121.282876
1305031121.315600 1305031121.313568
1305031121.345600 1305031121.347517
1305031121.385600 1305031121.383226
1305031121.415600 1305031121.414318
1305031121.445600 1305031121.447319
1305031121.485600 1305031121.482964
1305031121.515600 1305031121.514107
1305031121.545600 1305031121.547270
1305031121.585600 1305031121.583204
1305031121.615600 1305031121.614700
1305031121.645600 1305031121.647183
1305031121.685600 1305031121.683200
1305031121.715600 1305031121.714520
1305031121.745700 1305031121.747145
1305031121.785600 1305031121.782835
1305031121.815600 1305031121.811540
1305031121.845700 1305031121.847335
1305031121.885600 1305031121.882060
1305031121.915600 1305031121.914931
1305031121.945600 1305031121.947288
1305031121.985600 1305031121.982926
1305031122.015600 1305031122.014256
1305031122.045600 1305031122.047306
1305031122.085800 1305031122.082959
1305031122.115600 1305031122.114672
1305031122.155600 1305031122.150725
1305031122.185600 1305031122.183042
1305031122.215600 1305031122.214959
1305031122.255600 1305031122.251319
1305031122.285600 1305031122.283560
1305031122.315600 1305031122.314289
1305031122.355600 1305031122.351327
1305031122.385500 1305031122.382630
1305031122.415600 1305031122.414997
1305031122.455500 1305031122.451257
1305031122.485600 1305031122.483360
1305031122.515600 1305031122.515097
1305031122.555500 1305031122.551490
1305031122.585600 1305031122.583208
1305031122.615700 1305031122.614980
1305031122.645600 1305031122.648788
1305031122.685600 1305031122.683402
1305031122.715600 1305031122.715208
1305031122.755600 1305031122.751298
1305031122.785600 1305031122.783423
1305031122.815600 1305031122.812555
1305031122.855600 1305031122.851418
1305031122.885600 1305031122.883754
1305031122.915600 1305031122.914571
1305031122.955600 1305031122.951341
1305031122.985600 1305031122.982815
1305031123.015500 1305031123.015450
1305031123.055700 1305031123.051827
1305031123.085600 1305031123.082975
1305031123.115600 1305031123.113873
1305031123.155500 1305031123.150822
1305031123.185500 1305031123.182155
1305031123.215500 1305031123.214704
1305031123.255500 1305031123.250618
1305031123.285600 1305031123.282347
1305031123.315600 1305031123.311327
1305031123.345600 1305031123.350481
1305031123.385600 1305031123.382255
1305031123.415600 1305031123.411363
1305031123.455500 1305031123.451255
1305031123.485600 1305031123.483594
1305031123.515500 1305031123.511360
1305031123.555600 1305031123.551513
1305031123.575500 1305031123.579583
1305031123.615500 1305031123.611335
1305031123.655600 1305031123.652411
1305031123.685600 1305031123.683753
1305031123.715500 1305031123.711323
1305031123.755500 1305031123.751723
1305031123.785600 1305031123.783858
1305031123.815500 1305031123.811608
1305031123.855500 1305031123.851444
1305031123.885500 1305031123.883786
1305031123.915500 1305031123.911243
1305031123.955600 1305031123.951442
1305031123.985600 1305031123.983415
1305031124.015500 1305031124.011302
1305031124.055500 1305031124.051505
1305031124.085500 1305031124.083837
1305031124.115500 1305031124.111331
1305031124.145600 1305031124.147446
1305031124.185500 1305031124.182694
1305031124.215500 1305031124.211396
1305031124.245500 1305031124.249327
1305031124.285500 1305031124.282545
1305031124.315500 1305031124.311361
1305031124.345500 1305031124.350354
1305031124.385600 1305031124.382420
1305031124.415500 1305031124.411439
1305031124.445600 1305031124.450245
1305031124.475600 1305031124.480099
1305031124.515500 1305031124.511324
1305031124.545500 1305031124.550437
1305031124.575500 1305031124.579404
1305031124.615500 1305031124.611358
1305031124.655600 1305031124.651271
1305031124.675600 1305031124.679362
1305031124.715500 1305031124.711251
1305031124.745500 1305031124.749890
1305031124.775500 1305031124.779365
1305031124.815500 1305031124.811360
1305031124.855500 1305031124.850535
1305031124.875600 1305031124.879355
1305031124.915600 1305031124.911448
1305031124.955600 1305031124.950730
1305031124.975800 1305031124.979438
1305031125.015500 1305031125.011454
1305031125.055500 1305031125.050763
1305031125.075500 1305031125.079364
1305031125.115500 1305031125.111364
1305031125.155600 1305031125.151013
1305031125.175600 1305031125.179353
1305031125.215500 1305031125.211320
1305031125.255500 1305031125.250632
1305031125.275600 1305031125.279467
1305031125.315500 1305031125.311493
1305031125.346200 1305031125.348880
1305031125.375600 1305031125.379401
1305031125.415600 1305031125.411335
1305031125.455600 1305031125.451195
1305031125.475600 1305031125.479424
1305031125.515600 1305031125.511316
1305031125.555500 1305031125.551020
1305031125.575500 1305031125.579308
1305031125.615600 1305031125.611533
1305031125.655600 1305031125.650575
1305031125.675600 1305031125.679328
1305031125.715500 1305031125.711443
1305031125.755500 1305031125.751260
1305031125.775500 1305031125.779348
1305031125.815500 1305031125.811573
1305031125.845500 1305031125.847412
1305031125.875500 1305031125.879318
1305031125.915500 1305031125.911305
1305031125.945700 1305031125.947343
1305031125.975500 1305031125.979324
1305031126.015500 1305031126.011333
1305031126.045500 1305031126.047324
1305031126.075600 1305031126.079356
1305031126.115500 1305031126.111370
1305031126.145500 1305031126.147432
1305031126.175500 1305031126.179384
1305031126.215500 1305031126.211319
1305031126.245500 1305031126.247298
1305031126.275500 1305031126.279363
1305031126.315500 1305031126.311332
1305031126.345600 1305031126.347363
1305031126.375700 1305031126.379423
1305031126.415500 1305031126.411465
1305031126.445500 1305031126.447361
1305031126.475600 1305031126.479533
1305031126.515500 1305031126.511410
1305031126.545900 1305031126.547374
1305031126.575600 1305031126.579454
1305031126.615500 1305031126.611528
1305031126.645500 1305031126.647376
1305031126.675600 1305031126.679479
1305031126.715500 1305031126.711583
1305031126.745600 1305031126.747316
1305031126.775500 1305031126.779379
1305031126.815600 1305031126.811602
1305031126.845500 1305031126.847343
1305031126.876000 1305031126.879357
1305031126.915500 1305031126.911364
1305031126.945500 1305031126.947437
1305031126.975600 1305031126.979337
1305031127.015600 1305031127.011371
1305031127.045500 1305031127.047297
1305031127.075500 1305031127.079299
1305031127.115500 1305031127.111435
1305031127.145500 1305031127.147307
1305031127.175600 1305031127.179349
1305031127.215500 1305031127.211700
1305031127.245500 1305031127.247374
1305031127.275500 1305031127.279465
1305031127.315500 1305031127.311362
1305031127.345600 1305031127.347356
1305031127.375500 1305031127.379262
1305031127.415400 1305031127.411371
1305031127.445500 1305031127.447333
1305031127.475500 1305031127.479362
1305031127.515500 1305031127.511356
1305031127.545500 1305031127.547348
1305031127.575500 1305031127.579345
1305031127.615400 1305031127.611271
1305031127.645700 1305031127.647358
1305031127.675500 1305031127.679298
1305031127.715500 1305031127.711375
1305031127.745500 1305031127.747304
1305031127.775500 1305031127.779346
1305031127.815500 1305031127.811829
1305031127.845600 1305031127.847366
1305031127.875500 1305031127.879380
1305031127.915500 1305031127.911476
1305031127.945500 1305031127.947366
1305031127.975500 1305031127.979371
1305031128.015400 1305031128.011427
1305031128.045500 1305031128.047369
1305031128.075600 1305031128.079334
1305031128.115500 1305031128.111391
1305031128.145500 1305031128.147418
1305031128.175500 1305031128.179350
1305031128.215500 1305031128.211447
1305031128.245500 1305031128.247480
1305031128.275500 1305031128.279336
1305031128.315500 1305031128.311483
1305031128.345500 1305031128.347423
1305031128.375500 1305031128.379404
1305031128.415400 1305031128.411337
1305031128.445400 1305031128.447296
1305031128.475500 1305031128.479296
1305031128.515600 1305031128.511433
1305031128.545500 1305031128.547399
1305031128.575500 1305031128.579455
1305031128.615500 1305031128.611395
1305031128.645500 1305031128.647352
1305031128.675500 1305031128.679282
1305031128.715500 1305031128.711457
1305031128.745500 1305031128.747363
