1305031453.389400 1.3190 0.8446 1.5203 0.8871 0.2258 -0.0894 -0.3926
1305031453.419500 1.3263 0.8375 1.5226 0.8884 0.2171 -0.0899 -0.3943
1305031453.459500 1.3370 0.8274 1.5265 0.8893 0.2037 -0.0885 -0.3998
1305031453.489500 1.3454 0.8190 1.5298 0.8900 0.1933 -0.0877 -0.4036
1305031453.519500 1.3531 0.8097 1.5335 0.8887 0.1852 -0.0888 -0.4099
1305031453.559500 1.3627 0.7957 1.5391 0.8865 0.1763 -0.0915 -0.4180
1305031453.589900 1.3693 0.7843 1.5435 0.8853 0.1717 -0.0922 -0.4222
1305031453.629500 1.3762 0.7680 1.5488 0.8813 0.1690 -0.0962 -0.4308
1305031453.659500 1.3800 0.7538 1.5526 0.8781 0.1722 -0.0999 -0.4352
1305031453.689500 1.3830 0.7390 1.5562 0.8749 0.1765 -0.1038 -0.4388
1305031453.729500 1.3850 0.7191 1.5602 0.8698 0.1851 -0.1094 -0.4441
1305031453.759500 1.3859 0.7035 1.5632 0.8661 0.1950 -0.1146 -0.4457
1305031453.789500 1.3858 0.6887 1.5660 0.8618 0.2031 -0.1197 -0.4491
1305031453.829500 1.3841 0.6691 1.5694 0.8574 0.2137 -0.1260 -0.4510
1305031453.859500 1.3814 0.6549 1.5717 0.8544 0.2245 -0.1344 -0.4490
1305031453.889400 1.3781 0.6416 1.5737 0.8515 0.2357 -0.1449 -0.4453
1305031453.929500 1.3720 0.6246 1.5762 0.8491 0.2489 -0.1616 -0.4370
1305031453.959700 1.3666 0.6128 1.5783 0.8466 0.2621 -0.1685 -0.4315
1305031453.989500 1.3600 0.6014 1.5803 0.8434 0.2745 -0.1722 -0.4287
1305031454.029500 1.3515 0.5868 1.5823 0.8369 0.2887 -0.1810 -0.4283
1305031454.059400 1.3436 0.5770 1.5831 0.8307 0.3023 -0.1863 -0.4288
1305031454.089400 1.3354 0.5676 1.5837 0.8246 0.3163 -0.1899 -0.4287
1305031454.129500 1.3241 0.5547 1.5847 0.8152 0.3365 -0.1986 -0.4275
1305031454.159500 1.3153 0.5461 1.5848 0.8095 0.3512 -0.2051 -0.4235
1305031454.189500 1.3065 0.5372 1.5847 0.8029 0.3678 -0.2123 -0.4183
1305031454.229500 1.2955 0.5257 1.5851 0.7890 0.3923 -0.2219 -0.4176
1305031454.259500 1.2885 0.5176 1.5849 0.7816 0.4047 -0.2249 -0.4179
1305031454.289500 1.2814 0.5103 1.5841 0.7779 0.4161 -0.2246 -0.4139
1305031454.329500 1.2726 0.5003 1.5832 0.7648 0.4366 -0.2292 -0.4146
1305031454.359500 1.2669 0.4933 1.5825 0.7554 0.4480 -0.2338 -0.4172
1305031454.389600 1.2619 0.4866 1.5814 0.7493 0.4596 -0.2342 -0.4152
1305031454.429500 1.2558 0.4771 1.5791 0.7350 0.4798 -0.2415 -0.4139
1305031454.459500 1.2523 0.4703 1.5770 0.7261 0.4916 -0.2432 -0.4146
1305031454.489500 1.2498 0.4632 1.5744 0.7173 0.5053 -0.2407 -0.4150
1305031454.529500 1.2482 0.4542 1.5701 0.7073 0.5227 -0.2389 -0.4117
1305031454.559500 1.2478 0.4479 1.5663 0.7009 0.5353 -0.2377 -0.4070
1305031454.589500 1.2485 0.4417 1.5620 0.6898 0.5517 -0.2399 -0.4027
1305031454.629500 1.2509 0.4348 1.5564 0.6774 0.5685 -0.2475 -0.3958
1305031454.659500 1.2541 0.4309 1.5515 0.6734 0.5776 -0.2530 -0.3860
1305031454.689500 1.2577 0.4272 1.5464 0.6663 0.5872 -0.2622 -0.3775
1305031454.729500 1.2647 0.4236 1.5403 0.6612 0.5947 -0.2713 -0.3682
1305031454.759500 1.2704 0.4218 1.5353 0.6649 0.5917 -0.2763 -0.3626
1305031454.789600 1.2765 0.4198 1.5305 0.6693 0.5876 -0.2801 -0.3584
1305031454.829500 1.2848 0.4165 1.5234 0.6764 0.5814 -0.2822 -0.3533
1305031454.859500 1.2910 0.4134 1.5181 0.6835 0.5755 -0.2807 -0.3505
1305031454.889500 1.2965 0.4091 1.5128 0.6902 0.5686 -0.2787 -0.3501
1305031454.929500 1.3033 0.4022 1.5058 0.6985 0.5608 -0.2745 -0.3497
1305031454.960600 1.3077 0.3955 1.5009 0.7041 0.5551 -0.2721 -0.3494
1305031454.989400 1.3113 0.3876 1.4962 0.7077 0.5503 -0.2723 -0.3496
1305031455.029500 1.3154 0.3752 1.4901 0.7117 0.5474 -0.2696 -0.3480
1305031455.059500 1.3170 0.3649 1.4856 0.7141 0.5439 -0.2673 -0.3505
1305031455.089500 1.3170 0.3539 1.4814 0.7129 0.5417 -0.2676 -0.3559
1305031455.129500 1.3167 0.3383 1.4763 0.7164 0.5384 -0.2615 -0.3585
1305031455.159600 1.3148 0.3264 1.4724 0.7198 0.5337 -0.2600 -0.3597
1305031455.189500 1.3123 0.3145 1.4687 0.7255 0.5285 -0.2574 -0.3579
1305031455.229500 1.3084 0.2987 1.4651 0.7309 0.5217 -0.2541 -0.3592
1305031455.259500 1.3042 0.2873 1.4620 0.7368 0.5167 -0.2508 -0.3568
1305031455.289400 1.2997 0.2758 1.4588 0.7451 0.5069 -0.2498 -0.3542
1305031455.329400 1.2931 0.2601 1.4559 0.7539 0.4971 -0.2510 -0.3487
1305031455.359600 1.2880 0.2484 1.4545 0.7623 0.4934 -0.2451 -0.3396
1305031455.389500 1.2823 0.2369 1.4536 0.7717 0.4845 -0.2397 -0.3351
1305031455.429400 1.2746 0.2206 1.4545 0.7822 0.4731 -0.2350 -0.3303
1305031455.459500 1.2684 0.2079 1.4565 0.7878 0.4655 -0.2335 -0.3289
1305031455.490200 1.2614 0.1948 1.4586 0.7947 0.4560 -0.2326 -0.3262
1305031455.529500 1.2510 0.1762 1.4633 0.8032 0.4422 -0.2338 -0.3235
1305031455.559400 1.2421 0.1614 1.4678 0.8080 0.4312 -0.2396 -0.3221
1305031455.589400 1.2329 0.1462 1.4734 0.8151 0.4210 -0.2407 -0.3169
1305031455.629400 1.2193 0.1262 1.4819 0.8226 0.4081 -0.2406 -0.3146
1305031455.659400 1.2086 0.1112 1.4895 0.8227 0.4037 -0.2407 -0.3198
1305031455.689500 1.1984 0.0962 1.4976 0.8223 0.4041 -0.2379 -0.3226
1305031455.729500 1.1848 0.0773 1.5097 0.8216 0.4066 -0.2301 -0.3267
1305031455.759400 1.1748 0.0641 1.5194 0.8227 0.4060 -0.2239 -0.3291
1305031455.789500 1.1653 0.0517 1.5298 0.8227 0.4033 -0.2209 -0.3343
1305031455.829500 1.1537 0.0354 1.5440 0.8229 0.4022 -0.2175 -0.3373
1305031455.859500 1.1456 0.0240 1.5549 0.8231 0.4017 -0.2147 -0.3391
1305031455.889400 1.1373 0.0133 1.5651 0.8244 0.4008 -0.2111 -0.3394
1305031455.929400 1.1264 -0.0004 1.5780 0.8258 0.4003 -0.2053 -0.3401
1305031455.959500 1.1181 -0.0102 1.5870 0.8264 0.4010 -0.1999 -0.3410
1305031455.989500 1.1096 -0.0195 1.5951 0.8282 0.4009 -0.1933 -0.3406
1305031456.029500 1.0978 -0.0313 1.6046 0.8312 0.4046 -0.1807 -0.3357
1305031456.059500 1.0888 -0.0394 1.6115 0.8324 0.4102 -0.1712 -0.3310
1305031456.090400 1.0795 -0.0471 1.6179 0.8335 0.4116 -0.1646 -0.3297
1305031456.129500 1.0666 -0.0561 1.6261 0.8347 0.4104 -0.1583 -0.3312
1305031456.159400 1.0570 -0.0619 1.6319 0.8362 0.4076 -0.1526 -0.3336
1305031456.189400 1.0472 -0.0670 1.6373 0.8368 0.4021 -0.1475 -0.3410
1305031456.229400 1.0335 -0.0726 1.6424 0.8409 0.3940 -0.1369 -0.3448
1305031456.289400 1.0117 -0.0789 1.6480 0.8458 0.3807 -0.1222 -0.3532
1305031456.329400 0.9964 -0.0822 1.6499 0.8486 0.3679 -0.1151 -0.3623
1305031456.389400 0.9727 -0.0863 1.6488 0.8539 0.3526 -0.0973 -0.3701
1305031456.429500 0.9555 -0.0888 1.6459 0.8549 0.3415 -0.0916 -0.3797
1305031456.489400 0.9283 -0.0927 1.6359 0.8626 0.3330 -0.0887 -0.3704
1305031456.529400 0.9095 -0.0949 1.6278 0.8671 0.3274 -0.0898 -0.3645
1305031456.589400 0.8814 -0.0979 1.6146 0.8717 0.3147 -0.0866 -0.3654
1305031456.629400 0.8633 -0.0993 1.6037 0.8818 0.3070 -0.0767 -0.3496
1305031456.689500 0.8379 -0.1014 1.5890 0.8876 0.2906 -0.0746 -0.3496
1305031456.729400 0.8215 -0.1034 1.5778 0.8942 0.2817 -0.0757 -0.3397
1305031456.789500 0.7964 -0.1060 1.5618 0.8947 0.2736 -0.0907 -0.3411
1305031456.829400 0.7803 -0.1079 1.5500 0.8998 0.2647 -0.0938 -0.3338
1305031456.889400 0.7563 -0.1114 1.5331 0.9041 0.2537 -0.0905 -0.3316
1305031456.929400 0.7408 -0.1145 1.5227 0.9052 0.2427 -0.0871 -0.3380
1305031456.959400 0.7292 -0.1177 1.5147 0.9087 0.2376 -0.0821 -0.3332
1305031456.989400 0.7180 -0.1218 1.5081 0.9117 0.2363 -0.0773 -0.3270
1305031457.029500 0.7034 -0.1272 1.5015 0.9131 0.2277 -0.0733 -0.3300
1305031457.089400 0.6828 -0.1380 1.4956 0.9207 0.2168 -0.0627 -0.3185
1305031457.129500 0.6696 -0.1462 1.4960 0.9223 0.2081 -0.0567 -0.3208
1305031457.189400 0.6496 -0.1607 1.5004 0.9252 0.1917 -0.0489 -0.3239
1305031457.229500 0.6356 -0.1720 1.5050 0.9279 0.1823 -0.0422 -0.3224
1305031457.289500 0.6137 -0.1906 1.5154 0.9261 0.1648 -0.0350 -0.3375
1305031457.329400 0.5989 -0.2040 1.5231 0.9278 0.1541 -0.0246 -0.3390
1305031457.389400 0.5769 -0.2231 1.5378 0.9273 0.1344 -0.0115 -0.3490
1305031457.429400 0.5618 -0.2357 1.5491 0.9285 0.1239 -0.0072 -0.3500
1305031457.489400 0.5384 -0.2536 1.5674 0.9290 0.1149 -0.0052 -0.3518
1305031457.529400 0.5229 -0.2653 1.5800 0.9278 0.1088 -0.0025 -0.3570
1305031457.559500 0.5115 -0.2739 1.5888 0.9271 0.1031 0.0006 -0.3603
1305031457.589400 0.4999 -0.2818 1.5969 0.9270 0.0986 0.0026 -0.3619
1305031457.629400 0.4838 -0.2912 1.6076 0.9269 0.0938 0.0039 -0.3634
1305031457.659400 0.4716 -0.2976 1.6153 0.9276 0.0896 0.0042 -0.3627
1305031457.689600 0.4588 -0.3038 1.6227 0.9299 0.0876 0.0060 -0.3571
1305031457.729400 0.4412 -0.3111 1.6332 0.9288 0.0876 0.0089 -0.3600
1305031457.759500 0.4280 -0.3166 1.6415 0.9277 0.0873 0.0113 -0.3627
1305031457.789400 0.4149 -0.3214 1.6503 0.9243 0.0850 0.0148 -0.3718
1305031457.829400 0.3976 -0.3266 1.6609 0.9205 0.0787 0.0229 -0.3821
1305031457.859400 0.3845 -0.3300 1.6685 0.9195 0.0751 0.0297 -0.3846
1305031457.889400 0.3710 -0.3329 1.6763 0.9156 0.0724 0.0337 -0.3940
1305031457.929500 0.3527 -0.3360 1.6854 0.9116 0.0661 0.0337 -0.4044
1305031457.989400 0.3237 -0.3379 1.6942 0.9083 0.0603 0.0331 -0.4125
1305031458.029400 0.3035 -0.3374 1.6980 0.9036 0.0561 0.0361 -0.4232
1305031458.059400 0.2875 -0.3358 1.6983 0.9017 0.0510 0.0391 -0.4276
1305031458.089400 0.2713 -0.3333 1.6971 0.9030 0.0474 0.0435 -0.4249
1305031458.129400 0.2485 -0.3284 1.6943 0.9029 0.0454 0.0489 -0.4245
1305031458.159400 0.2306 -0.3236 1.6913 0.9018 0.0418 0.0504 -0.4273
1305031458.189400 0.2122 -0.3181 1.6873 0.9031 0.0387 0.0495 -0.4247
1305031458.229400 0.1870 -0.3100 1.6811 0.9077 0.0395 0.0500 -0.4148
1305031458.259400 0.1676 -0.3034 1.6773 0.9061 0.0418 0.0495 -0.4182
1305031458.289400 0.1483 -0.2966 1.6730 0.9038 0.0425 0.0457 -0.4234
1305031458.329400 0.1235 -0.2876 1.6656 0.9040 0.0414 0.0403 -0.4236
1305031458.360200 0.1059 -0.2803 1.6594 0.8996 0.0409 0.0365 -0.4332
1305031458.389400 0.0897 -0.2731 1.6517 0.8962 0.0371 0.0325 -0.4408
1305031458.429400 0.0709 -0.2631 1.6385 0.8930 0.0243 0.0288 -0.4486
1305031458.459400 0.0583 -0.2555 1.6274 0.8867 0.0160 0.0310 -0.4611
1305031458.489400 0.0474 -0.2484 1.6148 0.8751 0.0124 0.0377 -0.4823
1305031458.529400 0.0347 -0.2389 1.5946 0.8652 0.0071 0.0453 -0.4992
1305031458.559400 0.0267 -0.2312 1.5784 -0.8607 -0.0057 -0.0527 0.5064
1305031458.589400 0.0196 -0.2225 1.5619 -0.8546 -0.0090 -0.0572 0.5160
1305031458.629400 0.0118 -0.2102 1.5383 -0.8550 -0.0129 -0.0583 0.5152
1305031458.660700 0.0066 -0.2011 1.5206 -0.8578 -0.0169 -0.0539 0.5108
1305031458.689400 0.0022 -0.1920 1.5035 -0.8617 -0.0296 -0.0431 0.5048
1305031458.729400 -0.0020 -0.1802 1.4831 -0.8610 -0.0464 -0.0318 0.5055
1305031458.759600 -0.0043 -0.1717 1.4698 -0.8582 -0.0625 -0.0218 0.5091
1305031458.789500 -0.0068 -0.1636 1.4578 -0.8593 -0.0756 -0.0124 0.5057
1305031458.829400 -0.0107 -0.1529 1.4446 0.8624 0.0805 0.0060 -0.4998
1305031458.889400 -0.0221 -0.1409 1.4323 -0.8560 -0.0886 -0.0090 0.5092
1305031458.929400 -0.0329 -0.1334 1.4271 -0.8593 -0.0757 -0.0136 0.5057
1305031458.959400 -0.0438 -0.1282 1.4245 0.8643 0.0634 0.0165 -0.4987
1305031458.989400 -0.0575 -0.1230 1.4239 -0.8620 -0.0618 -0.0195 0.5027
1305031459.029500 -0.0789 -0.1158 1.4236 -0.8571 -0.0615 -0.0144 0.5113
1305031459.059400 -0.0964 -0.1104 1.4230 -0.8548 -0.0551 -0.0026 0.5161
1305031459.129400 -0.1428 -0.0982 1.4197 -0.8461 -0.0604 0.0434 0.5278
1305031459.159400 -0.1624 -0.0936 1.4164 -0.8435 -0.0655 0.0625 0.5294
1305031459.189400 -0.1805 -0.0888 1.4117 -0.8427 -0.0646 0.0782 0.5287
1305031459.229400 -0.2026 -0.0832 1.4034 -0.8430 -0.0563 0.0935 0.5267
1305031459.259400 -0.2171 -0.0799 1.3959 -0.8445 -0.0451 0.0954 0.5251
1305031459.329400 -0.2443 -0.0772 1.3763 -0.8473 0.0030 0.0720 0.5261
1305031459.359400 -0.2543 -0.0778 1.3674 -0.8443 0.0308 0.0604 0.5316
1305031459.389400 -0.2633 -0.0801 1.3564 -0.8470 0.0647 0.0481 0.5254
1305031459.429400 -0.2743 -0.0839 1.3419 -0.8481 0.1256 0.0237 0.5142
1305031459.459400 -0.2833 -0.0884 1.3314 -0.8399 0.1682 0.0093 0.5160
1305031459.529400 -0.3076 -0.0986 1.3077 0.8341 -0.2485 0.0069 -0.4924
1305031459.559300 -0.3200 -0.1018 1.2994 0.8288 -0.2704 0.0118 -0.4898
1305031459.589400 -0.3344 -0.1037 1.2925 0.8251 -0.2868 0.0115 -0.4866
1305031459.629400 -0.3551 -0.1035 1.2861 0.8239 -0.2958 0.0133 -0.4833
1305031459.659400 -0.3711 -0.1021 1.2837 0.8210 -0.3023 0.0223 -0.4838
1305031459.689400 -0.3879 -0.1003 1.2834 0.8215 -0.3120 0.0311 -0.4764
1305031459.729400 -0.4105 -0.0957 1.2867 0.8220 -0.3154 0.0418 -0.4723
1305031459.789400 -0.4439 -0.0852 1.2961 0.8206 -0.3135 0.0524 -0.4749
1305031459.829400 -0.4656 -0.0757 1.3022 0.8220 -0.3124 0.0542 -0.4730
1305031459.859400 -0.4816 -0.0673 1.3061 0.8240 -0.3121 0.0538 -0.4698
1305031459.889400 -0.4962 -0.0590 1.3105 0.8273 -0.3119 0.0504 -0.4645
1305031459.929400 -0.5152 -0.0471 1.3170 0.8271 -0.3148 0.0480 -0.4631
1305031459.989500 -0.5421 -0.0276 1.3271 0.8280 -0.3219 0.0455 -0.4568
1305031460.029400 -0.5584 -0.0141 1.3343 0.8275 -0.3250 0.0468 -0.4555
1305031460.059700 -0.5698 -0.0034 1.3391 0.8263 -0.3272 0.0463 -0.4562
1305031460.089300 -0.5799 0.0072 1.3440 0.8250 -0.3313 0.0393 -0.4561
1305031460.129400 -0.5923 0.0216 1.3506 0.8208 -0.3377 0.0248 -0.4601
1305031460.159400 -0.5999 0.0318 1.3556 0.8197 -0.3425 0.0154 -0.4589
1305031460.189400 -0.6069 0.0429 1.3600 0.8200 -0.3462 0.0082 -0.4557
1305031460.229400 -0.6148 0.0568 1.3667 0.8174 -0.3507 0.0106 -0.4569
1305031460.289300 -0.6254 0.0767 1.3764 0.8116 -0.3592 0.0263 -0.4600
1305031460.329400 -0.6313 0.0902 1.3827 0.8103 -0.3666 0.0334 -0.4560
1305031460.389400 -0.6392 0.1117 1.3909 0.8066 -0.3808 0.0491 -0.4494
1305031460.429400 -0.6436 0.1258 1.3957 0.8025 -0.3919 0.0589 -0.4461
1305031460.459900 -0.6464 0.1360 1.3994 0.7985 -0.4017 0.0695 -0.4430
1305031460.489400 -0.6496 0.1458 1.4027 0.7965 -0.4140 0.0789 -0.4336
1305031460.529400 -0.6544 0.1591 1.4066 0.7926 -0.4293 0.0881 -0.4239
1305031460.559900 -0.6585 0.1688 1.4092 0.7914 -0.4341 0.0972 -0.4193
1305031460.589300 -0.6630 0.1786 1.4116 0.7899 -0.4385 0.1054 -0.4156
1305031460.629400 -0.6691 0.1918 1.4148 0.7869 -0.4444 0.1154 -0.4123
1305031460.659500 -0.6738 0.2024 1.4170 0.7855 -0.4471 0.1223 -0.4100
1305031460.689400 -0.6789 0.2133 1.4188 0.7847 -0.4498 0.1259 -0.4075
1305031460.729400 -0.6860 0.2286 1.4211 0.7862 -0.4513 0.1312 -0.4012
1305031460.759400 -0.6904 0.2403 1.4229 0.7857 -0.4520 0.1374 -0.3993
1305031460.789400 -0.6947 0.2525 1.4244 0.7861 -0.4527 0.1416 -0.3964
1305031460.829400 -0.6998 0.2698 1.4264 0.7889 -0.4517 0.1463 -0.3900
1305031460.859300 -0.7027 0.2828 1.4281 0.7907 -0.4514 0.1523 -0.3844
1305031460.889300 -0.7047 0.2960 1.4298 0.7931 -0.4513 0.1578 -0.3773
1305031460.929400 -0.7060 0.3136 1.4322 0.7949 -0.4526 0.1602 -0.3710
1305031460.989400 -0.7060 0.3383 1.4377 0.7928 -0.4557 0.1653 -0.3693
1305031461.029400 -0.7053 0.3541 1.4411 0.7910 -0.4575 0.1667 -0.3705
1305031461.089300 -0.7037 0.3783 1.4448 0.7925 -0.4575 0.1647 -0.3682
1305031461.129400 -0.7019 0.3937 1.4472 0.7936 -0.4556 0.1670 -0.3671
1305031461.159300 -0.7004 0.4044 1.4489 0.7926 -0.4537 0.1694 -0.3706
1305031461.189300 -0.6988 0.4143 1.4501 0.7928 -0.4509 0.1713 -0.3727
1305031461.229300 -0.6969 0.4257 1.4507 0.7937 -0.4492 0.1731 -0.3720
1305031461.259300 -0.6954 0.4340 1.4505 0.7931 -0.4454 0.1761 -0.3762
1305031461.289400 -0.6937 0.4420 1.4498 0.7944 -0.4410 0.1784 -0.3775
1305031461.329400 -0.6893 0.4538 1.4483 0.7948 -0.4384 0.1839 -0.3772
1305031461.359300 -0.6851 0.4623 1.4467 0.7977 -0.4376 0.1872 -0.3704
1305031461.389300 -0.6808 0.4701 1.4453 0.8001 -0.4378 0.1871 -0.3650
1305031461.429400 -0.6746 0.4784 1.4448 0.8002 -0.4364 0.1895 -0.3651
1305031461.459300 -0.6701 0.4827 1.4441 0.8022 -0.4389 0.1876 -0.3587
1305031461.489300 -0.6661 0.4858 1.4446 0.8018 -0.4387 0.1890 -0.3590
1305031461.529300 -0.6605 0.4875 1.4460 0.7999 -0.4368 0.1910 -0.3645
1305031461.559300 -0.6568 0.4867 1.4469 0.8008 -0.4353 0.1947 -0.3625
1305031461.589300 -0.6519 0.4851 1.4475 0.7990 -0.4348 0.2023 -0.3627
1305031461.629300 -0.6450 0.4814 1.4476 0.7990 -0.4368 0.2073 -0.3577
1305031461.659400 -0.6392 0.4775 1.4467 0.7980 -0.4381 0.2097 -0.3567
1305031461.689400 -0.6334 0.4721 1.4453 0.7964 -0.4440 0.2084 -0.3539
1305031461.729300 -0.6272 0.4633 1.4426 0.7949 -0.4494 0.2062 -0.3516
1305031461.759300 -0.6227 0.4558 1.4397 0.7932 -0.4523 0.2074 -0.3511
1305031461.789300 -0.6190 0.4467 1.4358 0.7925 -0.4570 0.2073 -0.3465
1305031461.829300 -0.6140 0.4331 1.4299 0.7882 -0.4639 0.2097 -0.3458
1305031461.859300 -0.6103 0.4212 1.4241 0.7850 -0.4718 0.2091 -0.3428
1305031461.889300 -0.6068 0.4097 1.4172 0.7821 -0.4819 0.2048 -0.3379
1305031461.929300 -0.6041 0.3949 1.4080 0.7808 -0.4899 0.1995 -0.3326
1305031461.959300 -0.6022 0.3831 1.4014 0.7779 -0.4944 0.2050 -0.3292
1305031461.989300 -0.6010 0.3714 1.3942 0.7763 -0.5035 0.2053 -0.3187
1305031462.029300 -0.5999 0.3572 1.3844 0.7750 -0.5139 0.1968 -0.3106
1305031462.059300 -0.6001 0.3475 1.3778 0.7727 -0.5224 0.1865 -0.3086
1305031462.089300 -0.6008 0.3388 1.3717 0.7704 -0.5296 0.1781 -0.3071
1305031462.129300 -0.6033 0.3277 1.3639 0.7673 -0.5381 0.1721 -0.3034
1305031462.159300 -0.6060 0.3207 1.3586 0.7668 -0.5410 0.1689 -0.3014
1305031462.189300 -0.6096 0.3145 1.3532 0.7683 -0.5404 0.1697 -0.2982
1305031462.229300 -0.6147 0.3065 1.3455 0.7704 -0.5407 0.1704 -0.2918
1305031462.259300 -0.6188 0.3009 1.3397 0.7748 -0.5370 0.1697 -0.2872
1305031462.289400 -0.6236 0.2952 1.3335 0.7803 -0.5320 0.1684 -0.2825
1305031462.329300 -0.6299 0.2877 1.3249 0.7862 -0.5251 0.1705 -0.2776
1305031462.359400 -0.6350 0.2818 1.3179 0.7923 -0.5184 0.1712 -0.2724
1305031462.389300 -0.6406 0.2761 1.3106 0.7988 -0.5125 0.1678 -0.2664
1305031462.429300 -0.6490 0.2675 1.3013 0.8079 -0.5031 0.1631 -0.2601
1305031462.459400 -0.6557 0.2607 1.2948 0.8158 -0.4949 0.1583 -0.2539
1305031462.489300 -0.6622 0.2532 1.2890 0.8228 -0.4880 0.1532 -0.2479
1305031462.529300 -0.6707 0.2430 1.2830 0.8302 -0.4777 0.1469 -0.2470
1305031462.559300 -0.6768 0.2348 1.2796 0.8359 -0.4682 0.1445 -0.2473
1305031462.589300 -0.6825 0.2262 1.2775 0.8408 -0.4587 0.1454 -0.2481
1305031462.629300 -0.6892 0.2137 1.2758 0.8473 -0.4456 0.1468 -0.2489
1305031462.659300 -0.6936 0.2033 1.2754 0.8512 -0.4353 0.1491 -0.2525
1305031462.689300 -0.6976 0.1923 1.2751 0.8554 -0.4244 0.1491 -0.2568
1305031462.729300 -0.7020 0.1767 1.2745 0.8631 -0.4079 0.1450 -0.2600
1305031462.759300 -0.7044 0.1634 1.2739 0.8682 -0.3966 0.1424 -0.2620
1305031462.789300 -0.7056 0.1492 1.2739 0.8721 -0.3882 0.1391 -0.2634
1305031462.829300 -0.7054 0.1287 1.2737 0.8769 -0.3793 0.1338 -0.2631
1305031462.859300 -0.7043 0.1122 1.2743 0.8797 -0.3737 0.1321 -0.2626
1305031462.889300 -0.7019 0.0952 1.2753 0.8806 -0.3702 0.1323 -0.2647
1305031462.929400 -0.6975 0.0727 1.2774 0.8819 -0.3659 0.1304 -0.2670
1305031462.959300 -0.6939 0.0564 1.2793 0.8835 -0.3610 0.1267 -0.2701
1305031462.999300 -0.6884 0.0352 1.2835 0.8845 -0.3518 0.1247 -0.2798
1305031463.029400 -0.6841 0.0198 1.2871 0.8856 -0.3433 0.1224 -0.2878
1305031463.059300 -0.6792 0.0047 1.2905 0.8882 -0.3340 0.1189 -0.2923
1305031463.099300 -0.6726 -0.0151 1.2959 0.8917 -0.3220 0.1177 -0.2955
1305031463.129300 -0.6670 -0.0295 1.3004 0.8928 -0.3125 0.1183 -0.3019
1305031463.159300 -0.6606 -0.0434 1.3039 0.8938 -0.3045 0.1184 -0.3071
1305031463.199400 -0.6511 -0.0614 1.3081 0.8978 -0.2959 0.1171 -0.3045
1305031463.229400 -0.6429 -0.0742 1.3112 0.8975 -0.2912 0.1171 -0.3098
1305031463.259300 -0.6340 -0.0868 1.3141 0.8967 -0.2870 0.1175 -0.3158
1305031463.299300 -0.6212 -0.1023 1.3170 0.8992 -0.2795 0.1151 -0.3162
1305031463.329300 -0.6112 -0.1133 1.3190 0.8998 -0.2746 0.1118 -0.3201
1305031463.359300 -0.6004 -0.1240 1.3209 0.8993 -0.2701 0.1075 -0.3269
1305031463.399400 -0.5851 -0.1378 1.3232 0.9007 -0.2641 0.1030 -0.3294
1305031463.429300 -0.5728 -0.1480 1.3249 0.9017 -0.2608 0.1006 -0.3299
1305031463.459600 -0.5598 -0.1583 1.3267 0.9020 -0.2595 0.1001 -0.3303
1305031463.499300 -0.5417 -0.1721 1.3297 0.9021 -0.2580 0.1030 -0.3301
1305031463.529400 -0.5280 -0.1827 1.3333 0.9013 -0.2576 0.1053 -0.3321
1305031463.559300 -0.5143 -0.1928 1.3370 0.9005 -0.2575 0.1043 -0.3346
1305031463.599300 -0.4957 -0.2059 1.3431 0.9019 -0.2548 0.0998 -0.3344
1305031463.629400 -0.4812 -0.2157 1.3496 0.9004 -0.2525 0.0997 -0.3400
1305031463.659300 -0.4663 -0.2252 1.3572 0.8982 -0.2503 0.0997 -0.3474
1305031463.699300 -0.4460 -0.2376 1.3682 0.8998 -0.2460 0.0973 -0.3471
1305031463.729300 -0.4298 -0.2461 1.3786 0.9000 -0.2423 0.0990 -0.3485
1305031463.759400 -0.4137 -0.2537 1.3904 0.8986 -0.2370 0.1022 -0.3549
1305031463.799800 -0.3924 -0.2633 1.4072 0.8996 -0.2258 0.1065 -0.3583
1305031463.829300 -0.3769 -0.2706 1.4208 0.9014 -0.2173 0.1095 -0.3582
1305031463.859300 -0.3614 -0.2770 1.4351 0.9009 -0.2089 0.1135 -0.3632
1305031463.899300 -0.3416 -0.2853 1.4544 0.9022 -0.2001 0.1156 -0.3643
1305031463.929300 -0.3278 -0.2911 1.4690 0.9032 -0.1935 0.1138 -0.3658
1305031463.959300 -0.3149 -0.2969 1.4838 0.9033 -0.1866 0.1121 -0.3695
1305031463.999300 -0.2992 -0.3045 1.5038 0.9038 -0.1768 0.1107 -0.3737
1305031464.029300 -0.2883 -0.3101 1.5187 0.9056 -0.1692 0.1108 -0.3728
1305031464.059300 -0.2782 -0.3152 1.5337 0.9053 -0.1612 0.1140 -0.3761
1305031464.099300 -0.2656 -0.3223 1.5540 0.9046 -0.1517 0.1179 -0.3805
1305031464.129300 -0.2570 -0.3277 1.5688 0.9048 -0.1475 0.1156 -0.3825
1305031464.159300 -0.2491 -0.3331 1.5834 0.9039 -0.1438 0.1104 -0.3874
1305031464.199300 -0.2386 -0.3403 1.6018 0.9006 -0.1346 0.1015 -0.4007
1305031464.229300 -0.2310 -0.3459 1.6142 0.9002 -0.1274 0.0909 -0.4064
1305031464.259300 -0.2228 -0.3512 1.6246 0.9006 -0.1200 0.0777 -0.4105
1305031464.299300 -0.2106 -0.3579 1.6378 0.9027 -0.1057 0.0606 -0.4126
1305031464.329300 -0.2003 -0.3627 1.6477 0.9034 -0.0972 0.0524 -0.4143
1305031464.359300 -0.1888 -0.3674 1.6579 0.9025 -0.0899 0.0460 -0.4187
1305031464.399300 -0.1723 -0.3741 1.6721 0.9014 -0.0789 0.0443 -0.4234
1305031464.429300 -0.1591 -0.3794 1.6833 0.9016 -0.0698 0.0463 -0.4244
1305031464.459300 -0.1456 -0.3844 1.6953 0.9006 -0.0613 0.0457 -0.4278
1305031464.499800 -0.1272 -0.3913 1.7128 0.8992 -0.0540 0.0455 -0.4318
1305031464.529400 -0.1142 -0.3973 1.7264 0.8998 -0.0453 0.0474 -0.4313
1305031464.559300 -0.1018 -0.4037 1.7406 0.9019 -0.0343 0.0499 -0.4277
1305031464.599300 -0.0855 -0.4123 1.7613 0.8978 -0.0269 0.0608 -0.4353
1305031464.629300 -0.0735 -0.4179 1.7767 0.8927 -0.0241 0.0722 -0.4443
1305031464.659300 -0.0617 -0.4223 1.7916 0.8875 -0.0162 0.0849 -0.4526
1305031464.699300 -0.0465 -0.4253 1.8107 0.8779 -0.0020 0.1000 -0.4683
1305031464.729300 -0.0360 -0.4253 1.8234 0.8703 0.0112 0.1057 -0.4810
1305031464.759300 -0.0256 -0.4240 1.8342 0.8650 0.0283 0.1086 -0.4891
1305031464.799300 -0.0123 -0.4201 1.8459 0.8609 0.0511 0.1072 -0.4947
1305031464.829300 -0.0028 -0.4154 1.8529 -0.8567 -0.0681 -0.0981 0.5018
1305031464.859300 0.0064 -0.4090 1.8586 -0.8550 -0.0882 -0.0886 0.5034
1305031464.899300 0.0195 -0.3980 1.8642 0.8556 0.1196 0.0810 -0.4971
1305031464.929300 0.0298 -0.3884 1.8668 0.8533 0.1389 0.0783 -0.4964
1305031464.959300 0.0409 -0.3780 1.8680 0.8494 0.1546 0.0789 -0.4983
1305031464.999300 0.0562 -0.3628 1.8655 -0.8418 -0.1753 -0.0845 0.5035
1305031465.029300 0.0677 -0.3518 1.8604 -0.8361 -0.1934 -0.0901 0.5054
1305031465.059300 0.0791 -0.3407 1.8523 -0.8292 -0.2124 -0.0887 0.5093
1305031465.099300 0.0953 -0.3263 1.8356 0.8307 0.2399 0.0846 -0.4952
1305031465.129300 0.1090 -0.3155 1.8201 0.8354 0.2572 0.0817 -0.4787
1305031465.159300 0.1236 -0.3054 1.8037 0.8402 0.2684 0.0763 -0.4649
1305031465.199300 0.1447 -0.2922 1.7818 0.8433 0.2813 0.0684 -0.4529
1305031465.229300 0.1618 -0.2828 1.7654 0.8469 0.2894 0.0636 -0.4416
1305031465.259300 0.1804 -0.2741 1.7500 0.8507 0.2923 0.0557 -0.4334
1305031465.299300 0.2070 -0.2633 1.7307 0.8566 0.2864 0.0376 -0.4276
1305031465.329300 0.2275 -0.2561 1.7174 0.8625 0.2829 0.0203 -0.4192
1305031465.359300 0.2487 -0.2492 1.7054 0.8651 0.2791 0.0006 -0.4168
1305031465.399300 0.2782 -0.2417 1.6917 0.8659 0.2750 -0.0258 -0.4170
1305031465.429300 0.3009 -0.2374 1.6828 0.8669 0.2703 -0.0417 -0.4168
1305031465.459300 0.3242 -0.2342 1.6743 0.8682 0.2630 -0.0576 -0.4168
1305031465.499300 0.3546 -0.2315 1.6639 0.8710 0.2594 -0.0735 -0.4107
1305031465.529300 0.3779 -0.2307 1.6574 0.8695 0.2599 -0.0843 -0.4115
1305031465.559400 0.4019 -0.2306 1.6512 0.8668 0.2575 -0.0960 -0.4161
1305031465.599300 0.4347 -0.2313 1.6427 0.8664 0.2494 -0.1072 -0.4191
1305031465.629300 0.4598 -0.2333 1.6357 0.8657 0.2444 -0.1174 -0.4208
1305031465.659300 0.4850 -0.2356 1.6282 0.8635 0.2410 -0.1313 -0.4231
1305031465.699300 0.5191 -0.2386 1.6173 0.8608 0.2351 -0.1441 -0.4278
1305031465.729300 0.5454 -0.2412 1.6083 0.8587 0.2285 -0.1530 -0.4325
1305031465.759300 0.5715 -0.2438 1.5984 0.8569 0.2224 -0.1624 -0.4357
1305031465.799300 0.6062 -0.2471 1.5840 0.8539 0.2169 -0.1718 -0.4407
1305031465.829300 0.6326 -0.2496 1.5729 0.8491 0.2135 -0.1798 -0.4484
1305031465.859200 0.6586 -0.2521 1.5608 0.8455 0.2078 -0.1861 -0.4553
1305031465.899300 0.6930 -0.2558 1.5437 0.8458 0.2023 -0.1839 -0.4582
1305031465.929200 0.7185 -0.2586 1.5311 0.8427 0.1983 -0.1813 -0.4666
1305031465.959300 0.7429 -0.2615 1.5186 0.8380 0.1952 -0.1788 -0.4772
1305031465.999300 0.7740 -0.2664 1.5014 0.8339 0.1964 -0.1753 -0.4852
1305031466.029300 0.7966 -0.2706 1.4887 0.8316 0.1959 -0.1761 -0.4890
1305031466.059300 0.8181 -0.2756 1.4763 0.8340 0.1944 -0.1760 -0.4855
1305031466.099300 0.8454 -0.2839 1.4617 0.8351 0.1974 -0.1795 -0.4810
1305031466.129300 0.8659 -0.2917 1.4531 0.8372 0.1997 -0.1824 -0.4754
1305031466.159300 0.8854 -0.2998 1.4461 0.8379 0.2010 -0.1888 -0.4710
1305031466.199300 0.9110 -0.3110 1.4400 0.8405 0.2074 -0.1976 -0.4599
1305031466.229300 0.9300 -0.3195 1.4378 0.8427 0.2157 -0.1999 -0.4511
1305031466.259300 0.9494 -0.3275 1.4383 0.8401 0.2222 -0.1981 -0.4534
1305031466.299300 0.9759 -0.3368 1.4410 0.8385 0.2305 -0.1859 -0.4575
1305031466.329300 0.9956 -0.3422 1.4431 0.8389 0.2334 -0.1752 -0.4593
1305031466.359300 1.0151 -0.3467 1.4453 0.8415 0.2363 -0.1668 -0.4564
1305031466.399300 1.0409 -0.3523 1.4492 0.8375 0.2410 -0.1651 -0.4618
1305031466.429300 1.0604 -0.3556 1.4515 0.8344 0.2455 -0.1680 -0.4640
1305031466.459200 1.0799 -0.3576 1.4519 0.8341 0.2512 -0.1706 -0.4606
1305031466.499300 1.1065 -0.3582 1.4512 0.8357 0.2527 -0.1734 -0.4558
1305031466.529300 1.1270 -0.3572 1.4497 0.8359 0.2525 -0.1709 -0.4565
1305031466.559300 1.1476 -0.3550 1.4474 0.8374 0.2539 -0.1682 -0.4538
1305031466.599200 1.1751 -0.3503 1.4436 0.8418 0.2595 -0.1651 -0.4436
1305031466.629300 1.1958 -0.3465 1.4414 0.8407 0.2617 -0.1625 -0.4454
1305031466.659200 1.2163 -0.3423 1.4401 0.8363 0.2654 -0.1604 -0.4521
1305031466.699300 1.2426 -0.3365 1.4368 0.8347 0.2764 -0.1581 -0.4494
1305031466.729300 1.2616 -0.3322 1.4349 0.8342 0.2851 -0.1569 -0.4453
1305031466.759300 1.2807 -0.3281 1.4342 0.8297 0.2905 -0.1549 -0.4507
1305031466.799300 1.3051 -0.3225 1.4331 0.8250 0.2982 -0.1565 -0.4539
1305031466.829300 1.3223 -0.3180 1.4320 0.8258 0.3022 -0.1592 -0.4489
1305031466.859300 1.3390 -0.3142 1.4320 0.8247 0.3037 -0.1656 -0.4475
1305031466.899300 1.3603 -0.3088 1.4329 0.8194 0.3121 -0.1793 -0.4462
1305031466.929200 1.3756 -0.3043 1.4334 0.8161 0.3184 -0.1901 -0.4432
1305031466.959300 1.3908 -0.2994 1.4343 0.8124 0.3211 -0.1992 -0.4442
1305031466.999400 1.4114 -0.2929 1.4362 0.8108 0.3276 -0.2009 -0.4415
1305031467.029200 1.4268 -0.2879 1.4371 0.8091 0.3318 -0.2030 -0.4405
1305031467.059300 1.4418 -0.2825 1.4375 0.8080 0.3353 -0.2033 -0.4398
1305031467.099200 1.4606 -0.2759 1.4373 0.8059 0.3438 -0.2012 -0.4380
1305031467.129300 1.4740 -0.2710 1.4374 0.8009 0.3524 -0.2011 -0.4403
1305031467.159200 1.4870 -0.2663 1.4371 0.7970 0.3578 -0.2029 -0.4423
1305031467.199200 1.5038 -0.2600 1.4373 0.7921 0.3669 -0.2065 -0.4419
1305031467.229300 1.5167 -0.2560 1.4374 0.7895 0.3735 -0.2096 -0.4396
1305031467.259200 1.5299 -0.2518 1.4376 0.7860 0.3788 -0.2118 -0.4403
1305031467.299200 1.5474 -0.2467 1.4381 0.7802 0.3881 -0.2147 -0.4411
1305031467.329200 1.5605 -0.2428 1.4381 0.7768 0.3934 -0.2185 -0.4405
1305031467.359200 1.5739 -0.2388 1.4382 0.7760 0.3981 -0.2225 -0.4356
1305031467.399300 1.5920 -0.2339 1.4384 0.7740 0.4069 -0.2268 -0.4289
1305031467.429200 1.6063 -0.2300 1.4390 0.7712 0.4108 -0.2302 -0.4284
1305031467.459200 1.6200 -0.2264 1.4394 0.7679 0.4147 -0.2370 -0.4269
1305031467.509200 1.6429 -0.2189 1.4393 0.7648 0.4267 -0.2396 -0.4191
1305031467.529300 1.6519 -0.2157 1.4396 0.7638 0.4301 -0.2393 -0.4175
1305031467.559200 1.6647 -0.2096 1.4409 0.7630 0.4318 -0.2384 -0.4176
1305031467.599300 1.6801 -0.1999 1.4429 0.7634 0.4323 -0.2406 -0.4153
1305031467.629200 1.6898 -0.1913 1.4448 0.7613 0.4316 -0.2470 -0.4162
1305031467.659300 1.6966 -0.1815 1.4461 0.7562 0.4280 -0.2579 -0.4224
1305031467.699200 1.7051 -0.1673 1.4479 0.7524 0.4334 -0.2612 -0.4218
1305031467.729300 1.7099 -0.1557 1.4491 0.7485 0.4362 -0.2618 -0.4253
1305031467.759200 1.7131 -0.1426 1.4499 0.7446 0.4379 -0.2640 -0.4291
1305031467.799200 1.7151 -0.1240 1.4499 0.7402 0.4419 -0.2675 -0.4304
1305031467.829300 1.7157 -0.1091 1.4499 0.7371 0.4415 -0.2712 -0.4337
1305031467.859200 1.7145 -0.0932 1.4495 0.7329 0.4394 -0.2788 -0.4382
1305031467.899200 1.7116 -0.0719 1.4480 0.7274 0.4433 -0.2880 -0.4375
1305031467.929300 1.7084 -0.0552 1.4467 0.7225 0.4464 -0.2936 -0.4389
1305031467.959300 1.7045 -0.0378 1.4456 0.7178 0.4482 -0.2986 -0.4413
1305031467.999200 1.6983 -0.0138 1.4430 0.7162 0.4517 -0.2994 -0.4397
1305031468.029200 1.6931 0.0042 1.4415 0.7157 0.4554 -0.2979 -0.4377
1305031468.059200 1.6875 0.0226 1.4410 0.7102 0.4572 -0.3019 -0.4422
1305031468.099200 1.6796 0.0480 1.4406 0.7076 0.4606 -0.3055 -0.4402
1305031468.129200 1.6738 0.0666 1.4413 0.7081 0.4631 -0.3054 -0.4369
1305031468.159300 1.6682 0.0860 1.4428 0.7054 0.4663 -0.3065 -0.4371
1305031468.199300 1.6608 0.1124 1.4463 0.7043 0.4702 -0.3057 -0.4352
1305031468.229200 1.6558 0.1331 1.4507 0.7061 0.4701 -0.3052 -0.4327
1305031468.259300 1.6508 0.1539 1.4561 0.7075 0.4689 -0.3050 -0.4319
1305031468.299200 1.6447 0.1810 1.4651 0.7094 0.4697 -0.3021 -0.4300
1305031468.329300 1.6402 0.2008 1.4729 0.7098 0.4668 -0.3032 -0.4316
1305031468.359200 1.6357 0.2201 1.4816 0.7115 0.4635 -0.3038 -0.4320
1305031468.399200 1.6292 0.2442 1.4932 0.7144 0.4660 -0.3008 -0.4266
1305031468.429200 1.6239 0.2608 1.5031 0.7160 0.4661 -0.3012 -0.4234
1305031468.459200 1.6180 0.2769 1.5139 0.7178 0.4653 -0.3022 -0.4207
1305031468.499300 1.6092 0.2961 1.5287 0.7205 0.4678 -0.2972 -0.4167
1305031468.529200 1.6019 0.3083 1.5407 0.7176 0.4723 -0.2944 -0.4187
1305031468.559200 1.5938 0.3196 1.5531 0.7116 0.4778 -0.2930 -0.4237
1305031468.599200 1.5822 0.3334 1.5688 0.7093 0.4835 -0.2911 -0.4224
1305031468.629200 1.5731 0.3425 1.5798 0.7121 0.4864 -0.2890 -0.4157
1305031468.659200 1.5639 0.3511 1.5911 0.7094 0.4895 -0.2916 -0.4148
1305031468.699200 1.5506 0.3611 1.6058 0.7026 0.4932 -0.2977 -0.4178
1305031468.729200 1.5411 0.3680 1.6165 0.7002 0.4946 -0.3016 -0.4173
1305031468.759300 1.5313 0.3745 1.6267 0.6987 0.4962 -0.3042 -0.4160
1305031468.799300 1.5181 0.3822 1.6399 0.6922 0.5007 -0.3051 -0.4208
1305031468.830700 1.5083 0.3876 1.6495 0.6863 0.5041 -0.3058 -0.4258
1305031468.859200 1.4983 0.3926 1.6579 0.6858 0.5064 -0.3026 -0.4262
1305031468.899200 1.4859 0.3992 1.6679 0.6893 0.5065 -0.2950 -0.4258
1305031468.929200 1.4771 0.4043 1.6741 0.6952 0.5026 -0.2905 -0.4240
1305031468.959200 1.4681 0.4092 1.6793 0.7013 0.5015 -0.2850 -0.4188
1305031468.999200 1.4559 0.4159 1.6829 0.7091 0.5093 -0.2739 -0.4033
1305031469.029200 1.4468 0.4212 1.6845 0.7149 0.5160 -0.2646 -0.3908
1305031469.059200 1.4374 0.4262 1.6854 0.7161 0.5228 -0.2595 -0.3828
1305031469.099200 1.4255 0.4335 1.6847 0.7170 0.5346 -0.2477 -0.3723
1305031469.129200 1.4172 0.4393 1.6828 0.7202 0.5413 -0.2339 -0.3655
1305031469.159300 1.4094 0.4454 1.6803 0.7243 0.5450 -0.2202 -0.3604
1305031469.199200 1.3975 0.4539 1.6755 0.7263 0.5469 -0.2103 -0.3593
1305031469.229200 1.3887 0.4597 1.6714 0.7269 0.5488 -0.2061 -0.3577
1305031469.259300 1.3810 0.4655 1.6665 0.7278 0.5529 -0.2006 -0.3525
1305031469.299300 1.3706 0.4725 1.6586 0.7310 0.5539 -0.1911 -0.3497
1305031469.329200 1.3628 0.4770 1.6509 0.7325 0.5552 -0.1872 -0.3465
1305031469.359200 1.3556 0.4813 1.6423 0.7348 0.5579 -0.1776 -0.3425
1305031469.399200 1.3468 0.4867 1.6303 0.7361 0.5580 -0.1615 -0.3474
1305031469.429300 1.3406 0.4904 1.6204 0.7351 0.5598 -0.1506 -0.3516
1305031469.459200 1.3348 0.4941 1.6098 0.7342 0.5626 -0.1403 -0.3533
1305031469.499300 1.3273 0.4986 1.5945 0.7335 0.5643 -0.1362 -0.3536
1305031469.529400 1.3225 0.5017 1.5822 0.7347 0.5651 -0.1354 -0.3500
1305031469.559200 1.3181 0.5043 1.5690 0.7368 0.5667 -0.1334 -0.3437
1305031469.599200 1.3124 0.5075 1.5500 0.7403 0.5669 -0.1328 -0.3361
1305031469.629200 1.3086 0.5092 1.5353 0.7442 0.5659 -0.1290 -0.3304
1305031469.659200 1.3044 0.5101 1.5206 0.7468 0.5646 -0.1252 -0.3283
1305031469.699200 1.2989 0.5101 1.5006 0.7504 0.5631 -0.1198 -0.3247
1305031469.729200 1.2947 0.5089 1.4856 0.7543 0.5603 -0.1152 -0.3222
1305031469.759500 1.2904 0.5065 1.4702 0.7583 0.5578 -0.1113 -0.3185
1305031469.799200 1.2846 0.5014 1.4498 0.7625 0.5563 -0.1100 -0.3114
1305031469.829200 1.2802 0.4961 1.4346 0.7651 0.5555 -0.1106 -0.3064
1305031469.859200 1.2761 0.4897 1.4195 0.7679 0.5550 -0.1103 -0.3003
1305031469.899200 1.2705 0.4795 1.3999 0.7714 0.5526 -0.1110 -0.2955
1305031469.929200 1.2659 0.4706 1.3858 0.7732 0.5513 -0.1127 -0.2923
1305031469.959200 1.2615 0.4606 1.3723 0.7744 0.5501 -0.1151 -0.2908
1305031469.999200 1.2552 0.4460 1.3550 0.7760 0.5489 -0.1166 -0.2880
1305031470.029200 1.2508 0.4340 1.3429 0.7766 0.5489 -0.1173 -0.2859
1305031470.059200 1.2463 0.4216 1.3317 0.7774 0.5486 -0.1166 -0.2848
1305031470.099200 1.2407 0.4042 1.3181 0.7796 0.5463 -0.1164 -0.2831
1305031470.129200 1.2365 0.3906 1.3087 0.7822 0.5447 -0.1153 -0.2796
1305031470.159200 1.2323 0.3769 1.3001 0.7841 0.5428 -0.1161 -0.2777
1305031470.199200 1.2267 0.3583 1.2896 0.7870 0.5399 -0.1175 -0.2744
1305031470.229200 1.2220 0.3442 1.2820 0.7898 0.5372 -0.1173 -0.2717
1305031470.259200 1.2173 0.3302 1.2746 0.7927 0.5353 -0.1166 -0.2675
1305031470.299200 1.2107 0.3117 1.2654 0.7965 0.5332 -0.1134 -0.2615
1305031470.329200 1.2057 0.2979 1.2590 0.7998 0.5311 -0.1125 -0.2559
1305031470.359200 1.2005 0.2840 1.2535 0.8031 0.5283 -0.1132 -0.2511
1305031470.399200 1.1934 0.2657 1.2468 0.8053 0.5263 -0.1148 -0.2474
1305031470.429200 1.1881 0.2526 1.2428 0.8046 0.5275 -0.1152 -0.2470
1305031470.459200 1.1824 0.2396 1.2393 0.8046 0.5273 -0.1164 -0.2471
1305031470.499200 1.1750 0.2233 1.2353 0.8053 0.5261 -0.1182 -0.2466
1305031470.529200 1.1693 0.2119 1.2322 0.8052 0.5262 -0.1178 -0.2466
1305031470.559200 1.1635 0.2012 1.2292 0.8064 0.5253 -0.1165 -0.2455
1305031470.599200 1.1557 0.1877 1.2254 0.8094 0.5209 -0.1172 -0.2444
1305031470.629200 1.1499 0.1784 1.2227 0.8120 0.5180 -0.1170 -0.2419
1305031470.659200 1.1437 0.1695 1.2200 0.8143 0.5148 -0.1179 -0.2408
1305031470.699200 1.1355 0.1584 1.2166 0.8168 0.5128 -0.1182 -0.2362
1305031470.729200 1.1293 0.1505 1.2149 0.8182 0.5098 -0.1188 -0.2377
1305031470.759200 1.1238 0.1431 1.2135 0.8221 0.5054 -0.1149 -0.2358
1305031470.799300 1.1161 0.1338 1.2120 0.8256 0.4999 -0.1125 -0.2364
1305031470.829200 1.1101 0.1271 1.2118 0.8263 0.4960 -0.1155 -0.2406
1305031470.859200 1.1042 0.1201 1.2123 0.8274 0.4924 -0.1176 -0.2431
1305031470.899200 1.0962 0.1112 1.2135 0.8287 0.4880 -0.1218 -0.2455
1305031470.929200 1.0901 0.1043 1.2153 0.8288 0.4848 -0.1271 -0.2488
1305031470.959200 1.0840 0.0980 1.2182 0.8268 0.4825 -0.1328 -0.2567
1305031470.999200 1.0759 0.0899 1.2219 0.8267 0.4781 -0.1349 -0.2642
1305031471.029200 1.0697 0.0845 1.2250 0.8260 0.4742 -0.1367 -0.2723
1305031471.059200 1.0641 0.0796 1.2287 0.8263 0.4692 -0.1377 -0.2796
1305031471.099200 1.0564 0.0733 1.2329 0.8275 0.4620 -0.1422 -0.2857
1305031471.129200 1.0511 0.0687 1.2361 0.8286 0.4563 -0.1458 -0.2898
1305031471.159200 1.0461 0.0645 1.2386 0.8301 0.4511 -0.1475 -0.2927
1305031471.199200 1.0391 0.0593 1.2409 0.8337 0.4432 -0.1465 -0.2951
1305031471.229200 1.0337 0.0553 1.2422 0.8362 0.4396 -0.1447 -0.2943
1305031471.259200 1.0285 0.0514 1.2435 0.8383 0.4365 -0.1434 -0.2937
1305031471.299200 1.0224 0.0465 1.2458 0.8404 0.4293 -0.1432 -0.2981
1305031471.329200 1.0184 0.0434 1.2475 0.8416 0.4249 -0.1405 -0.3023
1305031471.359200 1.0153 0.0404 1.2491 0.8449 0.4201 -0.1338 -0.3031
1305031471.399200 1.0111 0.0365 1.2524 0.8472 0.4123 -0.1315 -0.3082
1305031471.429300 1.0079 0.0334 1.2548 0.8486 0.4072 -0.1341 -0.3101
1305031471.459300 1.0045 0.0303 1.2568 0.8503 0.4040 -0.1351 -0.3090
1305031471.499200 1.0006 0.0258 1.2595 0.8532 0.3987 -0.1352 -0.3077
1305031471.529200 0.9978 0.0223 1.2615 0.8547 0.3953 -0.1358 -0.3079
1305031471.559200 0.9957 0.0185 1.2635 0.8564 0.3924 -0.1337 -0.3078
1305031471.599200 0.9935 0.0138 1.2663 0.8583 0.3876 -0.1293 -0.3105
1305031471.629100 0.9924 0.0105 1.2686 0.8598 0.3844 -0.1255 -0.3117
1305031471.659200 0.9916 0.0075 1.2706 0.8612 0.3798 -0.1234 -0.3145
1305031471.699200 0.9909 0.0039 1.2732 0.8637 0.3732 -0.1213 -0.3162
1305031471.729200 0.9905 0.0015 1.2742 0.8666 0.3682 -0.1191 -0.3151
1305031471.759200 0.9904 -0.0005 1.2750 0.8696 0.3609 -0.1175 -0.3157
1305031471.799200 0.9905 -0.0033 1.2755 0.8739 0.3508 -0.1134 -0.3169
1305031471.829200 0.9900 -0.0058 1.2746 0.8776 0.3453 -0.1111 -0.3135
1305031471.859100 0.9894 -0.0085 1.2735 0.8808 0.3386 -0.1101 -0.3122
1305031471.899200 0.9878 -0.0123 1.2713 0.8855 0.3305 -0.1060 -0.3089
1305031471.929200 0.9866 -0.0156 1.2696 0.8888 0.3267 -0.1005 -0.3052
1305031471.959200 0.9850 -0.0186 1.2684 0.8897 0.3221 -0.0958 -0.3090
1305031471.999200 0.9824 -0.0230 1.2655 0.8930 0.3157 -0.0877 -0.3084
1305031472.029200 0.9803 -0.0266 1.2631 0.8965 0.3129 -0.0822 -0.3027
1305031472.059200 0.9782 -0.0298 1.2614 0.8972 0.3080 -0.0803 -0.3062
1305031472.099200 0.9753 -0.0339 1.2587 0.9006 0.3010 -0.0761 -0.3042
1305031472.129100 0.9721 -0.0371 1.2562 0.9026 0.2994 -0.0740 -0.3002
1305031472.159200 0.9694 -0.0400 1.2550 0.9038 0.2966 -0.0733 -0.2996
1305031472.199100 0.9662 -0.0432 1.2546 0.9040 0.2908 -0.0750 -0.3042
1305031472.229200 0.9638 -0.0454 1.2544 0.9044 0.2885 -0.0748 -0.3054
1305031472.259100 0.9621 -0.0473 1.2549 0.9037 0.2862 -0.0748 -0.3095
1305031472.299100 0.9607 -0.0489 1.2568 0.9023 0.2822 -0.0750 -0.3171
1305031472.329200 0.9593 -0.0495 1.2578 0.9014 0.2813 -0.0763 -0.3203
1305031472.359100 0.9582 -0.0497 1.2588 0.9023 0.2807 -0.0761 -0.3181
1305031472.399200 0.9564 -0.0493 1.2607 0.9023 0.2798 -0.0795 -0.3181
1305031472.429100 0.9549 -0.0484 1.2624 0.9015 0.2802 -0.0820 -0.3196
1305031472.459200 0.9538 -0.0473 1.2642 0.9014 0.2808 -0.0823 -0.3193
1305031472.499100 0.9529 -0.0453 1.2666 0.9021 0.2799 -0.0793 -0.3186
1305031472.529100 0.9528 -0.0435 1.2691 0.9019 0.2788 -0.0791 -0.3204
1305031472.559200 0.9527 -0.0416 1.2719 0.9001 0.2775 -0.0827 -0.3254
1305031472.599100 0.9528 -0.0384 1.2748 0.9003 0.2756 -0.0858 -0.3258
1305031472.629100 0.9529 -0.0357 1.2765 0.9009 0.2747 -0.0867 -0.3247
1305031472.659200 0.9531 -0.0327 1.2783 0.9010 0.2735 -0.0883 -0.3249
1305031472.699200 0.9531 -0.0289 1.2807 0.9005 0.2730 -0.0904 -0.3261
1305031472.729200 0.9529 -0.0261 1.2823 0.8997 0.2732 -0.0916 -0.3280
1305031472.759200 0.9525 -0.0233 1.2836 0.8990 0.2739 -0.0914 -0.3293
1305031472.799200 0.9518 -0.0196 1.2852 0.8978 0.2751 -0.0901 -0.3319
1305031472.829200 0.9514 -0.0172 1.2864 0.8974 0.2742 -0.0904 -0.3336
1305031472.859200 0.9508 -0.0148 1.2871 0.8973 0.2739 -0.0917 -0.3339
1305031472.899200 0.9500 -0.0121 1.2875 0.8982 0.2722 -0.0939 -0.3321
1305031472.929100 0.9495 -0.0102 1.2876 0.8985 0.2711 -0.0950 -0.3318
1305031472.959100 0.9490 -0.0089 1.2876 0.8989 0.2701 -0.0952 -0.3315
1305031472.999100 0.9483 -0.0074 1.2872 0.8992 0.2703 -0.0962 -0.3302
1305031473.029200 0.9477 -0.0067 1.2870 0.8994 0.2709 -0.0969 -0.3290
1305031473.059200 0.9471 -0.0060 1.2870 0.8992 0.2719 -0.0965 -0.3289
1305031473.099100 0.9465 -0.0051 1.2872 0.8988 0.2732 -0.0942 -0.3296
1305031473.129100 0.9459 -0.0047 1.2874 0.8985 0.2739 -0.0933 -0.3302
1305031473.169100 0.9454 -0.0042 1.2882 0.8978 0.2745 -0.0950 -0.3311
1305031473.199100 0.9453 -0.0038 1.2888 0.8978 0.2746 -0.0950 -0.3310

