1305031453.3595 1.311674 0.843035 1.524444 0.889156 0.223735 -0.085323 -0.389955
1305031453.3894 1.319078 0.838495 1.528697 0.891095 0.213736 -0.085292 -0.391141
1305031453.4195 1.329849 0.831520 1.532628 0.891728 0.203315 -0.084743 -0.395351
1305031453.4595 1.333962 0.821469 1.537317 0.892583 0.191340 -0.081740 -0.400003
1305031453.4895 1.338682 0.808612 1.542971 0.891851 0.180639 -0.080887 -0.406729
1305031453.5195 1.346164 0.796998 1.549427 0.890352 0.172995 -0.082708 -0.412923
1305031453.5595 1.353221 0.780795 1.554257 0.887807 0.167177 -0.083360 -0.420596
1305031453.5899 1.351255 0.763944 1.562219 0.886003 0.162211 -0.082839 -0.426408
1305031453.6295 1.354094 0.744123 1.566749 0.881759 0.164188 -0.086937 -0.433572
1305031453.6595 1.360804 0.723573 1.568496 0.877005 0.169251 -0.092485 -0.440071
1305031453.6895 1.360726 0.704517 1.572746 0.873870 0.175153 -0.095491 -0.443344
1305031453.7295 1.355496 0.687381 1.576698 0.869931 0.184701 -0.099833 -0.446249
1305031453.7595 1.365715 0.670621 1.577899 0.865004 0.195020 -0.109659 -0.449122
1305031453.7895 1.361226 0.654587 1.581678 0.862128 0.203276 -0.113533 -0.450026
1305031453.8295 1.354691 0.635673 1.583384 0.858572 0.213957 -0.121177 -0.449881
1305031453.8595 1.351752 0.619474 1.584735 0.855516 0.226137 -0.133248 -0.446318
1305031453.8894 1.346804 0.608178 1.587620 0.853895 0.237291 -0.147764 -0.439002
1305031453.9295 1.353472 0.604399 1.592033 0.850771 0.252688 -0.162941 -0.431030
1305031453.9597 1.345148 0.601510 1.593645 0.847522 0.267232 -0.169721 -0.426015
1305031453.9895 1.338396 0.591429 1.596362 0.842198 0.280258 -0.177435 -0.425058
1305031454.0295 1.335052 0.581404 1.595425 0.836332 0.294895 -0.184648 -0.423664
1305031454.0594 1.320576 0.574959 1.594619 0.830706 0.310938 -0.188849 -0.421403
1305031454.0894 1.310106 0.564057 1.595424 0.822701 0.327324 -0.195925 -0.421468
1305031454.1295 1.303392 0.551597 1.592756 0.815173 0.343265 -0.204545 -0.419314
1305031454.1595 1.293461 0.546239 1.590120 0.807996 0.361751 -0.213565 -0.413120
1305031454.1895 1.280456 0.550059 1.591989 0.798129 0.382992 -0.223377 -0.407934
1305031454.2295 1.279506 0.543774 1.588621 0.786384 0.399944 -0.231134 -0.410149
1305031454.2595 1.273321 0.534122 1.583843 0.780673 0.412354 -0.232179 -0.408174
1305031454.2895 1.259059 0.532673 1.587897 0.772619 0.429334 -0.235286 -0.404194
1305031454.3295 1.256179 0.526499 1.584751 0.760439 0.444538 -0.241754 -0.407030
1305031454.3595 1.251976 0.515501 1.581189 0.752739 0.456405 -0.243438 -0.407206
1305031454.3896 1.244907 0.508484 1.581003 0.742143 0.473129 -0.248685 -0.404386
1305031454.4295 1.246074 0.509703 1.575129 0.730292 0.489149 -0.254417 -0.403335
1305031454.4595 1.243192 0.501551 1.571938 0.720632 0.503771 -0.252292 -0.404045
1305031454.4895 1.243646 0.492530 1.566356 0.711232 0.518354 -0.251437 -0.402788
1305031454.5295 1.241703 0.483016 1.561854 0.704385 0.531013 -0.250135 -0.399124
1305031454.5595 1.237517 0.474608 1.559036 0.693762 0.548632 -0.251085 -0.393261
1305031454.5895 1.239083 0.469944 1.555532 0.683205 0.563254 -0.257205 -0.387068
1305031454.6295 1.244096 0.463579 1.550820 0.677545 0.573082 -0.263720 -0.378101
1305031454.6595 1.243946 0.462494 1.546302 0.671142 0.584326 -0.272160 -0.366143
1305031454.6895 1.249113 0.466687 1.542432 0.665334 0.592122 -0.282417 -0.356319
1305031454.7295 1.255903 0.469696 1.537769 0.667592 0.591189 -0.289085 -0.348203
1305031454.7595 1.261779 0.469804 1.533562 0.672256 0.586967 -0.293626 -0.342528
1305031454.7896 1.271270 0.470664 1.525744 0.676601 0.582522 -0.297395 -0.338283
1305031454.8295 1.275721 0.470546 1.520924 0.683923 0.577029 -0.296348 -0.333862
1305031454.8595 1.281366 0.466513 1.515861 0.691170 0.570280 -0.293705 -0.332869
1305031454.8895 1.286844 0.459436 1.510956 0.698370 0.563843 -0.289562 -0.332437
1305031454.9295 1.289584 0.450040 1.508174 0.705404 0.557608 -0.285143 -0.331921
1305031454.9606 1.290485 0.437861 1.506570 0.711023 0.552224 -0.282318 -0.331347
1305031454.9894 1.296607 0.428253 1.499997 0.712707 0.549161 -0.283075 -0.332172
1305031455.0295 1.295847 0.419769 1.497199 0.715564 0.547054 -0.280212 -0.331936
1305031455.0595 1.296830 0.408441 1.495141 0.716513 0.545104 -0.277405 -0.335436
1305031455.0895 1.298494 0.394064 1.490724 0.718531 0.542024 -0.273518 -0.339282
1305031455.1295 1.296093 0.378755 1.488852 0.723150 0.537176 -0.269525 -0.340372
1305031455.1596 1.291642 0.365525 1.486261 0.728878 0.531826 -0.266771 -0.338721
1305031455.1895 1.287645 0.353257 1.485226 0.733199 0.526172 -0.265346 -0.339344
1305031455.2295 1.289478 0.338272 1.478938 0.738474 0.519341 -0.263174 -0.340118
1305031455.2595 1.279707 0.325389 1.480529 0.748972 0.510949 -0.257764 -0.333961
1305031455.2894 1.275810 0.308323 1.479695 0.757185 0.501511 -0.256985 -0.330329
1305031455.3294 1.274971 0.298461 1.473257 0.763251 0.496559 -0.256651 -0.324048
1305031455.3596 1.264650 0.289952 1.475441 0.773809 0.488989 -0.249469 -0.316030
1305031455.3895 1.255035 0.275086 1.479021 0.783851 0.478949 -0.243464 -0.311305
1305031455.4294 1.244103 0.263102 1.484541 0.791106 0.471077 -0.240750 -0.307045
1305031455.4595 1.237990 0.248245 1.486882 0.798472 0.460823 -0.239678 -0.304367
1305031455.4902 1.223559 0.235036 1.495036 0.807478 0.448969 -0.238258 -0.299398
1305031455.5295 1.213176 0.217991 1.502488 0.813745 0.437488 -0.241567 -0.296764
1305031455.5594 1.208645 0.200705 1.506876 0.819549 0.425301 -0.246573 -0.294381
1305031455.5894 1.194256 0.194324 1.513668 0.826824 0.414713 -0.248368 -0.287556
1305031455.6294 1.182649 0.180541 1.523791 0.828876 0.408839 -0.248235 -0.290162
1305031455.6594 1.175180 0.162275 1.531318 0.827616 0.408527 -0.246439 -0.295678
1305031455.6895 1.165774 0.149137 1.540757 0.826426 0.411211 -0.241822 -0.299077
1305031455.7295 1.156491 0.134249 1.550511 0.826660 0.411732 -0.235329 -0.302869
1305031455.7594 1.143276 0.122967 1.565451 0.828572 0.409120 -0.230121 -0.305177
1305031455.7895 1.135427 0.103775 1.578160 0.828647 0.407222 -0.226436 -0.310229
1305031455.8295 1.127239 0.093155 1.589644 0.828845 0.407614 -0.224204 -0.310804
1305031455.8595 1.120598 0.082447 1.601532 0.829856 0.406427 -0.221468 -0.311621
1305031455.8894 1.111443 0.074257 1.612960 0.831179 0.406065 -0.217358 -0.311461
1305031455.9294 1.105924 0.060191 1.622284 0.831088 0.406434 -0.212584 -0.314504
1305031455.9595 1.100295 0.051723 1.630342 0.832216 0.407039 -0.207170 -0.314351
1305031455.9895 1.096537 0.035268 1.635661 0.833615 0.408611 -0.197765 -0.314663
1305031456.0295 1.080654 0.030601 1.646334 0.836237 0.414658 -0.185933 -0.306913
1305031456.0595 1.066749 0.028066 1.655582 0.837837 0.418152 -0.177979 -0.302490
1305031456.0904 1.055936 0.022289 1.664246 0.839110 0.417971 -0.172389 -0.302451
1305031456.1295 1.044560 0.024322 1.671215 0.840928 0.416783 -0.167503 -0.301787
1305031456.1594 1.034106 0.022553 1.680068 0.842320 0.411613 -0.162324 -0.307771
1305031456.1894 1.032485 0.009939 1.679436 0.843665 0.404662 -0.155817 -0.316543
1305031456.2294 1.001732 0.008389 1.688434 0.851071 0.391077 -0.136968 -0.322455
1305031456.2894 0.989562 0.008386 1.691686 0.854121 0.381534 -0.131150 -0.328189
1305031456.3294 0.964326 0.002821 1.689804 0.859881 0.364366 -0.112732 -0.339314
1305031456.3894 0.948157 -0.009247 1.683640 0.860901 0.353475 -0.105380 -0.350427
1305031456.4295 0.916482 -0.032573 1.668799 0.867324 0.340828 -0.098772 -0.349042
1305031456.4894 0.901777 -0.032498 1.661820 0.871147 0.337221 -0.100099 -0.342586
1305031456.5294 0.880733 -0.035713 1.647030 0.876173 0.324960 -0.099942 -0.341664
1305031456.5894 0.868602 -0.043248 1.634470 0.882641 0.318674 -0.092102 -0.333030
1305031456.6294 0.823164 -0.036299 1.627821 0.893777 0.301503 -0.082112 -0.321741
1305031456.6895 0.810873 -0.050500 1.611922 0.897374 0.292023 -0.081850 -0.320536
1305031456.7294 0.774745 -0.044403 1.600058 0.901763 0.283437 -0.094939 -0.312207
1305031456.7895 0.773785 -0.053046 1.582885 0.903114 0.276338 -0.102436 -0.312296
1305031456.8294 0.745658 -0.039867 1.572024 0.910627 0.266556 -0.100221 -0.299435
1305031456.8894 0.736252 -0.048269 1.561292 0.910754 0.257818 -0.098454 -0.307187
1305031456.9294 0.728478 -0.063036 1.546693 0.912174 0.250588 -0.094103 -0.310304
1305031456.9594 0.711182 -0.061385 1.543237 0.916416 0.247684 -0.086843 -0.302147
1305031456.9894 0.698827 -0.065651 1.539128 0.918277 0.242621 -0.083240 -0.301618
1305031457.0295 0.678091 -0.075968 1.532786 0.925553 0.231005 -0.072996 -0.290964
1305031457.0894 0.663473 -0.075468 1.536850 0.928553 0.224972 -0.066782 -0.287607
1305031457.1295 0.643439 -0.098571 1.540671 0.931323 0.206824 -0.056548 -0.294387
1305031457.1894 0.630524 -0.103962 1.545767 0.934415 0.199268 -0.050469 -0.290884
1305031457.2295 0.608302 -0.119234 1.562611 0.935118 0.181598 -0.041982 -0.301353
1305031457.2895 0.598847 -0.135820 1.567266 0.935213 0.172553 -0.034182 -0.307301
1305031457.3294 0.570507 -0.150250 1.589798 0.937451 0.151882 -0.016934 -0.312779
1305031457.3894 0.554366 -0.169116 1.595652 0.937151 0.141226 -0.010461 -0.318896
1305031457.4294 0.526314 -0.184062 1.618835 0.938721 0.131098 -0.007093 -0.318695
1305031457.4894 0.515826 -0.192500 1.631030 0.938083 0.126579 -0.005833 -0.322404
1305031457.5294 0.504608 -0.203254 1.641086 0.937345 0.120697 -0.003016 -0.326814
1305031457.5595 0.490568 -0.218089 1.647453 0.936369 0.114853 -0.000332 -0.331697
1305031457.5894 0.475790 -0.219607 1.659889 0.937359 0.111464 -0.001883 -0.330045
1305031457.6294 0.465985 -0.237685 1.663709 0.935957 0.105974 -0.001509 -0.335786
1305031457.6594 0.452034 -0.242618 1.671547 0.938177 0.103541 -0.002821 -0.330295
1305031457.6896 0.435672 -0.237031 1.687974 0.939595 0.104425 -0.005486 -0.325923
1305031457.7294 0.420660 -0.239723 1.699700 0.938625 0.104957 -0.008212 -0.328480
1305031457.7595 0.408400 -0.235463 1.717410 0.936936 0.104266 -0.011004 -0.333405
1305031457.7894 0.400116 -0.252847 1.721359 0.932439 0.099579 -0.015221 -0.347001
1305031457.8294 0.384153 -0.257121 1.729931 0.931273 0.095815 -0.023219 -0.350729
1305031457.8594 0.359099 -0.249652 1.746621 0.929684 0.092302 -0.031275 -0.355232
1305031457.8894 0.340955 -0.263183 1.748679 0.924601 0.085329 -0.032401 -0.369840
1305031457.9295 0.312563 -0.267612 1.758905 0.920992 0.079136 -0.030485 -0.380239
1305031457.9894 0.297666 -0.266023 1.763865 0.917638 0.076747 -0.032093 -0.388615
1305031458.0294 0.284156 -0.280648 1.754931 0.912872 0.071222 -0.034405 -0.400511
1305031458.0594 0.266720 -0.283069 1.750615 0.912691 0.067422 -0.038918 -0.401167
1305031458.0894 0.243598 -0.275747 1.750957 0.913501 0.065364 -0.044706 -0.399054
1305031458.1294 0.218511 -0.271413 1.748478 0.912990 0.061829 -0.048474 -0.400345
1305031458.1594 0.200051 -0.277388 1.734236 0.912322 0.057560 -0.047676 -0.402595
1305031458.1894 0.183938 -0.267426 1.729570 0.916187 0.058352 -0.045870 -0.393817
1305031458.2294 0.155652 -0.237687 1.738524 0.919422 0.061923 -0.046824 -0.385535
1305031458.2594 0.140994 -0.245832 1.728533 0.915038 0.061721 -0.039566 -0.396650
1305031458.2894 0.123546 -0.236999 1.720931 0.915480 0.061802 -0.033513 -0.396173
1305031458.3294 0.101965 -0.215610 1.721373 0.914497 0.062291 -0.029091 -0.398710
1305031458.3602 0.092164 -0.219994 1.704138 0.908760 0.058810 -0.021596 -0.412590
1305031458.3894 0.085075 -0.211057 1.693683 0.906603 0.050703 -0.015520 -0.418641
1305031458.4294 0.080709 -0.191544 1.693509 0.903582 0.042232 -0.013573 -0.426113
1305031458.4594 0.070066 -0.183218 1.682964 0.893527 0.038337 -0.019463 -0.446945
1305031458.4894 0.057880 -0.200296 1.648733 0.880566 0.034845 -0.027113 -0.471863
1305031458.5294 0.045814 -0.192920 1.630928 0.875838 0.032824 -0.035744 -0.480159
1305031458.5594 0.026626 -0.187103 1.610090 0.869208 0.035211 -0.044072 -0.491217
1305031458.5894 0.017582 -0.200742 1.567529 0.863262 0.039182 -0.046395 -0.501090
1305031458.6294 -0.002289 -0.188632 1.547810 0.866800 0.040139 -0.046446 -0.494863
1305031458.6607 -0.004736 -0.173947 1.528180 0.870472 0.053321 -0.034050 -0.488134
1305031458.6894 -0.005614 -0.152233 1.519054 0.872537 0.068012 -0.022742 -0.483256
1305031458.7294 -0.009637 -0.148915 1.501616 0.868612 0.084012 -0.011180 -0.488190
1305031458.7596 0.000067 -0.145755 1.482416 0.867881 0.099455 -0.003603 -0.486702
1305031458.7895 0.001851 -0.130043 1.474240 0.871579 0.106012 -0.010983 -0.478530
1305031458.8294 0.000226 -0.112890 1.465925 0.867166 0.116495 -0.013343 -0.484018
1305031458.8894 -0.011742 -0.115114 1.455494 0.868458 0.105347 -0.007645 -0.484380
1305031458.9294 -0.022280 -0.105515 1.454938 0.874321 0.091508 -0.005179 -0.476615
1305031458.9594 -0.048318 -0.088065 1.468326 0.876348 0.085873 -0.000633 -0.473962
1305031458.9894 -0.074331 -0.089867 1.461888 0.870954 0.084462 -0.000405 -0.484051
1305031459.0295 -0.101705 -0.085493 1.460125 0.869001 0.076274 -0.009889 -0.488796
1305031459.0594 0.059279 -0.049152 1.684249 0.892515 0.047154 -0.058864 -0.444666
1305031459.1294 0.049267 -0.046790 1.675877 0.887961 0.053396 -0.085680 -0.448702
1305031459.1594 0.038367 -0.046156 1.666883 0.884934 0.052827 -0.106422 -0.450305
1305031459.1894 0.031918 -0.046306 1.661513 0.884048 0.046904 -0.123200 -0.448421
1305031459.2294 0.034450 -0.043301 1.647608 0.884053 0.038980 -0.132228 -0.446595
1305031459.2594 0.019156 -0.040401 1.635637 0.889504 0.000159 -0.111543 -0.443104
1305031459.3294 0.004427 -0.047741 1.624696 0.887972 0.027729 -0.093522 -0.449434
1305031459.3594 -0.007838 -0.066431 1.597427 0.886666 0.059736 -0.074234 -0.452486
1305031459.3894 -0.013292 -0.058046 1.590061 0.890897 0.106144 -0.051515 -0.438613
1305031459.4294 -0.036159 -0.062548 1.595279 0.887057 0.156971 -0.024985 -0.433434
1305031459.4594 -0.069400 -0.074661 1.581105 0.881973 0.232301 -0.002576 -0.410064
1305031459.5294 -0.083398 -0.074083 1.594170 0.878422 0.264165 -0.008990 -0.398134
1305031459.5593 -0.104649 -0.077450 1.590289 0.874089 0.283825 -0.013150 -0.394003
1305031459.5894 -0.115361 -0.073765 1.588464 0.873348 0.293980 -0.012496 -0.388180
1305031459.6294 -0.129692 -0.076537 1.584363 0.871717 0.296980 -0.019825 -0.389256
1305031459.6594 -0.149220 -0.074643 1.583346 0.870673 0.305935 -0.031804 -0.383824
1305031459.6894 -0.166735 -0.064423 1.591386 0.871460 0.311499 -0.041182 -0.376604
1305031459.7294 -0.210127 -0.049703 1.605567 0.870808 0.309729 -0.055836 -0.377681
1305031459.7894 -0.229125 -0.043457 1.608623 0.871544 0.307615 -0.057588 -0.377450
1305031459.8294 -0.249285 -0.035766 1.610275 0.873515 0.305831 -0.058211 -0.374233
1305031459.8594 -0.260983 -0.023425 1.614905 0.876104 0.306990 -0.053029 -0.367949
1305031459.8894 -0.274580 -0.012093 1.620091 0.876299 0.309399 -0.050097 -0.365872
1305031459.9294 -0.301891 0.008185 1.624891 0.876762 0.315697 -0.046489 -0.359809
1305031459.9895 -0.310263 0.021543 1.630615 0.876817 0.318932 -0.044902 -0.357014
1305031460.0294 -0.325021 0.033129 1.634652 0.875957 0.321066 -0.045766 -0.357102
1305031460.0597 -0.341088 0.046915 1.639510 0.874365 0.326377 -0.041092 -0.356758
1305031460.0893 -0.347059 0.059712 1.643463 0.871754 0.332764 -0.028232 -0.358490
1305031460.1294 -0.358415 0.067120 1.641758 0.867922 0.337811 -0.018518 -0.363665
1305031460.1594 -0.362220 0.077767 1.639099 0.867102 0.342392 -0.008990 -0.361693
1305031460.1894 -0.357185 0.091842 1.637879 0.866241 0.346005 -0.005590 -0.360384
1305031460.2294 -0.368229 0.111246 1.643843 0.862918 0.351030 -0.021739 -0.362875
1305031460.2893 -0.375346 0.120959 1.646433 0.860270 0.355545 -0.030218 -0.364157
1305031460.3294 -0.384796 0.142702 1.650372 0.856389 0.368381 -0.048264 -0.358558
1305031460.3894 -0.388648 0.153690 1.653530 0.853187 0.376497 -0.057343 -0.356417
1305031460.4294 -0.391547 0.161428 1.653703 0.849789 0.384333 -0.068661 -0.354165
1305031460.4599 -0.398301 0.167074 1.657410 0.846680 0.394824 -0.080838 -0.347437
1305031460.4894 -0.400681 0.178947 1.662093 0.843553 0.407740 -0.089204 -0.337949
1305031460.5294 -0.401167 0.190634 1.665740 0.842297 0.414163 -0.097645 -0.330863
1305031460.5599 -0.406820 0.200399 1.668628 0.840756 0.417832 -0.107093 -0.327227
1305031460.5893 -0.409608 0.211251 1.672056 0.838740 0.422611 -0.114776 -0.323638
1305031460.6294 -0.416808 0.221718 1.674670 0.837157 0.424578 -0.123497 -0.321947
1305031460.6595 -0.427628 0.233006 1.674855 0.835958 0.427379 -0.129493 -0.318988
1305031460.6894 -0.431131 0.245067 1.673795 0.836852 0.428230 -0.132477 -0.314242
1305031460.7294 -0.434889 0.258240 1.675703 0.836872 0.428535 -0.138666 -0.311088
1305031460.7594 -0.444756 0.271803 1.675500 0.836504 0.428901 -0.145036 -0.308658
1305031460.7894 -0.449347 0.283078 1.672437 0.838268 0.426875 -0.148198 -0.305159
1305031460.8294 -0.451205 0.294294 1.671439 0.840199 0.425418 -0.152973 -0.299473
1305031460.8593 -0.454729 0.309632 1.671314 0.841884 0.424256 -0.159828 -0.292733
1305031460.8893 -0.459375 0.324703 1.669986 0.842895 0.424564 -0.163386 -0.287364
1305031460.9294 -0.455047 0.358518 1.675455 0.842311 0.428728 -0.167268 -0.280581
1305031460.9894 -0.455518 0.374091 1.677109 0.840928 0.430844 -0.169039 -0.280428
1305031461.0294 -0.460289 0.395736 1.672795 0.840455 0.430332 -0.168349 -0.283033
1305031461.0893 -0.454339 0.409166 1.674221 0.842256 0.428479 -0.168166 -0.280590
1305031461.1294 -0.452998 0.424884 1.675486 0.842039 0.427407 -0.170502 -0.281466
1305031461.1593 -0.452580 0.430746 1.674036 0.842580 0.423255 -0.171089 -0.285730
1305031461.1893 -0.451879 0.439858 1.673104 0.842950 0.421433 -0.172898 -0.286243
1305031461.2293 -0.449999 0.452015 1.672331 0.843785 0.418308 -0.174453 -0.287422
1305031461.2593 -0.448115 0.457575 1.669639 0.845139 0.412430 -0.175815 -0.291086
1305031461.2894 -0.444166 0.461344 1.666371 0.845736 0.408361 -0.178432 -0.293486
1305031461.3294 -0.448355 0.463559 1.658086 0.846104 0.405682 -0.184701 -0.292259
1305031461.3593 -0.439907 0.479200 1.657308 0.848901 0.406590 -0.184606 -0.282793
1305031461.3893 -0.435646 0.484709 1.655246 0.849284 0.404926 -0.185921 -0.283169
1305031461.4294 -0.433985 0.484858 1.650720 0.849586 0.406497 -0.185560 -0.280235
1305031461.4593 -0.422506 0.498533 1.655396 0.851196 0.407542 -0.185156 -0.274028
1305031461.4893 -0.420698 0.494297 1.654838 0.849664 0.405494 -0.185924 -0.281207
1305031461.5293 -0.412197 0.490000 1.655624 0.850901 0.402521 -0.187184 -0.280904
1305031461.5593 -0.409750 0.487773 1.657454 0.849375 0.401280 -0.195906 -0.281350
1305031461.5893 -0.406227 0.484925 1.656197 0.848133 0.402715 -0.202000 -0.278723
1305031461.6293 -0.402685 0.482788 1.654958 0.846970 0.404181 -0.206980 -0.276476
1305031461.6594 -0.401003 0.477634 1.652850 0.844277 0.410564 -0.208518 -0.274141
1305031461.6894 -0.391555 0.474775 1.650925 0.843312 0.415966 -0.207228 -0.269915
1305031461.7293 -0.388796 0.465425 1.651729 0.841918 0.418986 -0.207988 -0.269009
1305031461.7593 -0.382552 0.457439 1.649913 0.841091 0.423681 -0.208927 -0.263456
1305031461.7893 -0.376876 0.450711 1.648380 0.838538 0.429198 -0.212489 -0.259790
1305031461.8293 -0.377898 0.439188 1.646900 0.834443 0.437329 -0.215379 -0.257023
1305031461.8593 -0.378094 0.431246 1.642718 0.830546 0.449116 -0.215251 -0.249310
1305031461.8893 -0.369413 0.425505 1.639800 0.829839 0.458045 -0.210720 -0.239079
1305031461.9293 -0.360967 0.411591 1.637994 0.829059 0.461434 -0.212816 -0.233346
1305031461.9593 -0.372150 0.403801 1.630400 0.824045 0.470074 -0.222941 -0.224228
1305031461.9893 -0.370789 0.409723 1.628413 0.821755 0.482152 -0.221956 -0.207326
1305031462.0293 -0.370050 0.408256 1.625416 0.819107 0.493228 -0.215097 -0.198805
1305031462.0593 -0.366080 0.399445 1.624113 0.817118 0.502827 -0.205005 -0.193536
1305031462.0893 -0.364403 0.390141 1.622408 0.814967 0.510866 -0.198695 -0.188057
1305031462.1293 -0.363619 0.384683 1.621944 0.813605 0.516818 -0.194593 -0.181878
1305031462.1593 -0.366603 0.374267 1.618500 0.814900 0.515918 -0.193689 -0.179587
1305031462.1893 -0.371140 0.368252 1.614646 0.815455 0.516807 -0.195038 -0.172924
1305031462.2293 -0.375143 0.365890 1.612006 0.818025 0.515320 -0.195183 -0.164876
1305031462.2593 -0.379672 0.360295 1.607984 0.822471 0.510686 -0.193648 -0.158877
1305031462.2894 -0.381709 0.353642 1.605912 0.827603 0.505408 -0.191537 -0.151492
1305031462.3293 -0.390347 0.348403 1.599986 0.832275 0.498710 -0.193746 -0.145153
1305031462.3594 -0.398090 0.342608 1.593481 0.837686 0.492888 -0.191060 -0.137259
1305031462.3893 -0.403406 0.340107 1.589936 0.843538 0.487332 -0.186534 -0.127106
1305031462.4293 -0.411870 0.332593 1.585113 0.850140 0.479667 -0.180518 -0.120812
1305031462.4594 -0.413602 0.325179 1.583005 0.856790 0.473485 -0.171627 -0.110756
1305031462.4893 -0.418307 0.322861 1.581592 0.861907 0.468105 -0.165094 -0.103623
1305031462.5293 -0.417790 0.311737 1.581786 0.869301 0.458517 -0.154429 -0.101141
1305031462.5593 -0.419906 0.303054 1.583555 0.875288 0.448543 -0.150855 -0.099614
1305031462.5893 -0.423502 0.292107 1.584794 0.881256 0.437106 -0.149279 -0.100213
1305031462.6293 -0.425888 0.284298 1.588564 0.886441 0.426374 -0.149194 -0.100843
1305031462.6593 -0.434288 0.280026 1.592972 0.890500 0.416685 -0.151247 -0.102511
1305031462.6893 -0.439548 0.270251 1.595827 0.896565 0.404345 -0.147614 -0.104341
1305031462.7293 -0.441496 0.258199 1.599172 0.903036 0.391391 -0.142102 -0.105574
1305031462.7593 -0.442121 0.245355 1.603719 0.907806 0.381734 -0.137572 -0.106025
1305031462.7893 -0.443955 0.231281 1.607593 0.911441 0.374606 -0.133250 -0.105783
1305031462.8293 -0.438657 0.214538 1.610058 0.915756 0.366405 -0.128199 -0.103452
1305031462.8593 -0.435057 0.200394 1.616230 0.917649 0.361965 -0.128150 -0.102365
1305031462.8893 -0.431748 0.189196 1.624288 0.918432 0.360406 -0.127948 -0.101092
1305031462.9294 -0.428519 0.178435 1.632402 0.919766 0.357650 -0.125828 -0.101417
1305031462.9593 -0.421750 0.168106 1.641177 0.921877 0.352615 -0.121964 -0.104549
1305031462.9993 -0.420047 0.161791 1.653704 0.923810 0.346454 -0.121492 -0.108553
1305031463.0294 -0.418041 0.142989 1.660662 0.926695 0.336970 -0.117096 -0.118217
1305031463.0593 -0.407690 0.127809 1.668980 0.931002 0.326206 -0.111171 -0.120275
1305031463.0993 -0.400380 0.117010 1.678778 0.933913 0.316362 -0.110253 -0.124762
1305031463.1293 -0.395632 0.099828 1.686669 0.936159 0.306163 -0.109479 -0.133734
1305031463.1593 -0.390435 0.084224 1.694096 0.938444 0.298314 -0.108815 -0.135983
1305031463.1994 -0.375270 0.073816 1.699836 0.940861 0.292509 -0.104547 -0.135233
1305031463.2294 -0.367756 0.064165 1.709978 0.941398 0.287977 -0.105048 -0.140723
1305031463.2593 -0.361509 0.048536 1.715823 0.942486 0.281710 -0.105055 -0.146023
1305031463.2993 -0.348949 0.042220 1.720710 0.944435 0.277508 -0.100930 -0.144376
1305031463.3293 -0.336727 0.033997 1.727009 0.945102 0.273996 -0.095792 -0.150107
1305031463.3593 -0.325245 0.015306 1.728359 0.945765 0.268614 -0.090119 -0.158916
1305031463.3994 -0.308923 0.004197 1.731783 0.947413 0.264008 -0.085358 -0.159445
1305031463.4293 -0.292648 -0.008941 1.736180 0.948030 0.261405 -0.082635 -0.161486
1305031463.4596 -0.276643 -0.021383 1.736122 0.948333 0.259416 -0.083829 -0.162297
1305031463.4993 -0.262808 -0.028261 1.737638 0.947975 0.257821 -0.089793 -0.163732
1305031463.5294 -0.254471 -0.038774 1.741716 0.946436 0.258904 -0.094032 -0.168478
1305031463.5593 -0.241333 -0.049040 1.745280 0.946650 0.258256 -0.091668 -0.169572
1305031463.5993 -0.218148 -0.051996 1.753807 0.947727 0.256211 -0.086810 -0.169214
1305031463.6294 -0.205926 -0.060822 1.763600 0.946404 0.253830 -0.089567 -0.178515
1305031463.6593 -0.194037 -0.075225 1.773012 0.946177 0.250215 -0.089239 -0.184870
1305031463.6993 -0.167930 -0.076591 1.784149 0.947870 0.247025 -0.085559 -0.182210
1305031463.7293 -0.146415 -0.076639 1.799577 0.948309 0.241834 -0.087448 -0.185953
1305031463.7594 -0.134807 -0.085886 1.812689 0.948558 0.232409 -0.092590 -0.194036
1305031463.7998 -0.115435 -0.088744 1.826901 0.950756 0.221979 -0.093991 -0.194817
1305031463.8293 -0.096460 -0.086926 1.844240 0.952352 0.212385 -0.096840 -0.196315
1305031463.8593 -0.083543 -0.093926 1.858339 0.952553 0.203635 -0.100267 -0.202784
1305031463.8993 -0.070611 -0.095306 1.871454 0.953494 0.197557 -0.100221 -0.204392
1305031463.9293 -0.053754 -0.092676 1.888040 0.955064 0.190799 -0.096307 -0.205363
1305031463.9593 -0.036572 -0.095326 1.905391 0.955802 0.183541 -0.092398 -0.210280
1305031463.9993 -0.023657 -0.100780 1.920109 0.956877 0.174493 -0.090673 -0.213816
1305031464.0293 -0.005111 -0.096248 1.939106 0.958653 0.165475 -0.089800 -0.213399
1305031464.0593 0.004904 -0.098250 1.954696 0.958488 0.157136 -0.092915 -0.219033
1305031464.0993 0.007321 -0.100098 1.967609 0.958050 0.152335 -0.094904 -0.223444
1305031464.1293 0.013608 -0.092679 1.983540 0.958011 0.149904 -0.091555 -0.226629
1305031464.1593 0.019612 -0.089039 1.999449 0.957228 0.145039 -0.084993 -0.235489
1305031464.1993 0.022643 -0.098145 2.010669 0.955621 0.139779 -0.075555 -0.248074
1305031464.2293 0.026372 -0.108268 2.019878 0.955164 0.134343 -0.061576 -0.256559
1305031464.2593 0.040003 -0.112150 2.029416 0.956521 0.125146 -0.044370 -0.259687
1305031464.2993 0.059595 -0.115229 2.039564 0.957583 0.115591 -0.029834 -0.262267
1305031464.3293 0.076987 -0.113085 2.052252 0.957820 0.108071 -0.020068 -0.265517
1305031464.3593 0.099867 -0.122053 2.061588 0.956973 0.098274 -0.013096 -0.272716
1305031464.3993 0.116472 -0.128055 2.071279 0.956921 0.088394 -0.013081 -0.276256
1305031464.4293 0.127187 -0.126938 2.085643 0.957066 0.079297 -0.012998 -0.278511
1305031464.4593 0.150040 -0.131316 2.100174 0.956878 0.072552 -0.009127 -0.281135
1305031464.4998 0.163496 -0.139041 2.111688 0.956423 0.064641 -0.010478 -0.284545
1305031464.5294 0.182615 -0.138044 2.127473 0.957838 0.051945 -0.010100 -0.282393
1305031464.5593 0.207284 -0.124101 2.154947 0.958292 0.042594 -0.014602 -0.282221
1305031464.5993 0.222405 -0.126736 2.171790 0.954845 0.037649 -0.026999 -0.293469
1305031464.6293 0.235728 -0.128318 2.184656 0.951149 0.028758 -0.040550 -0.304703
1305031464.6593 0.244756 -0.117319 2.202469 0.946704 0.016028 -0.054197 -0.317109
1305031464.6993 0.240436 -0.122171 2.207402 0.938961 0.002564 -0.065595 -0.337703
1305031464.7293 0.251376 -0.135993 2.207691 0.932817 0.014539 -0.067018 -0.353766
1305031464.7593 0.247892 -0.128209 2.210394 0.929596 0.032385 -0.067904 -0.360821
1305031464.7993 0.244601 -0.127617 2.211051 0.925279 0.048093 -0.060337 -0.371357
1305031464.8293 0.261984 -0.138823 2.207293 0.921557 0.067795 -0.045048 -0.379615
1305031464.8593 0.282685 -0.135388 2.206666 0.920617 0.093052 -0.032405 -0.377831
1305031464.8993 0.299660 -0.109315 2.215720 0.920410 0.117466 -0.024609 -0.372077
1305031464.9293 0.316650 -0.087061 2.222985 0.917569 0.136739 -0.021506 -0.372702
1305031464.9593 0.337642 -0.081520 2.218413 0.911865 0.154708 -0.021497 -0.379613
1305031464.9993 0.341705 -0.072053 2.203102 0.905983 0.174859 -0.027238 -0.384548
1305031465.0293 0.346919 -0.081314 2.174342 0.897889 0.193687 -0.026040 -0.394464
1305031465.0593 0.370418 -0.109176 2.122437 0.892052 0.213701 -0.018303 -0.397793
1305031465.0993 0.384381 -0.102032 2.098756 0.894449 0.233504 -0.012133 -0.381170
1305031465.1293 0.387792 -0.086291 2.080722 0.898439 0.246956 -0.007426 -0.362995
1305031465.1593 0.397424 -0.071615 2.063145 0.900805 0.258416 -0.001172 -0.348956
1305031465.1993 0.409962 -0.067853 2.039282 0.902327 0.267702 -0.003486 -0.337832
1305031465.2293 0.414004 -0.050012 2.022227 0.906329 0.271993 -0.008819 -0.323281
1305031465.2593 0.429784 -0.048624 2.000890 0.909599 0.265819 -0.020481 -0.318669
1305031465.2993 0.442502 -0.048242 1.977488 0.914044 0.257858 -0.034283 -0.311221
1305031465.3293 0.452232 -0.037568 1.964100 0.917716 0.251820 -0.051381 -0.302893
1305031465.3593 0.479595 -0.027766 1.957098 0.918785 0.246671 -0.074503 -0.299059
1305031465.3993 0.511508 -0.022583 1.949499 0.919090 0.239811 -0.094299 -0.298114
1305031465.4293 0.541041 -0.026441 1.938497 0.919428 0.229601 -0.111520 -0.299165
1305031465.4593 0.572649 -0.029778 1.926371 0.920032 0.223793 -0.126675 -0.295654
1305031465.4993 0.591230 -0.017580 1.923514 0.920605 0.223915 -0.136911 -0.289144
1305031465.5293 0.625006 -0.017125 1.916856 0.918033 0.219510 -0.151982 -0.293143
1305031465.5594 0.658301 -0.022190 1.906743 0.916577 0.211694 -0.162708 -0.297654
1305031465.5993 0.678143 -0.031723 1.899459 0.916213 0.202881 -0.169310 -0.301208
1305031465.6293 0.704334 -0.036411 1.891897 0.914348 0.197073 -0.183040 -0.302699
1305031465.6593 0.743103 -0.036589 1.881018 0.911425 0.191935 -0.197733 -0.305562
1305031465.6993 0.770389 -0.044182 1.871310 0.909573 0.183102 -0.205569 -0.311274
1305031465.7293 0.801113 -0.054003 1.858467 0.906961 0.174780 -0.215442 -0.316953
1305031465.7593 0.831187 -0.058264 1.845510 0.904996 0.169042 -0.223027 -0.320415
1305031465.7993 0.858185 -0.059921 1.837215 0.902197 0.163368 -0.230317 -0.326044
1305031465.8293 0.892960 -0.076973 1.818286 0.896990 0.157519 -0.237526 -0.337902
1305031465.8592 0.924194 -0.083180 1.799383 0.896558 0.153497 -0.236989 -0.341261
1305031465.8993 0.947752 -0.083093 1.792184 0.896735 0.149753 -0.231844 -0.345961
1305031465.9292 0.973602 -0.095608 1.780299 0.893666 0.146940 -0.226478 -0.358438
1305031465.9593 0.989804 -0.113834 1.771672 0.891766 0.147241 -0.218111 -0.368105
1305031465.9993 1.009969 -0.131510 1.759446 0.889248 0.146692 -0.215983 -0.375595
1305031466.0293 1.028194 -0.147942 1.747326 0.890199 0.145897 -0.213354 -0.375154
1305031466.0593 1.043528 -0.159487 1.741121 0.892119 0.146512 -0.213264 -0.370374
1305031466.0993 1.062549 -0.169281 1.734364 0.893426 0.148847 -0.216774 -0.364203
1305031466.1293 1.079319 -0.181831 1.731004 0.894737 0.149081 -0.220755 -0.358452
1305031466.1593 1.096827 -0.196071 1.727393 0.895793 0.152164 -0.227272 -0.350355
1305031466.1993 1.118435 -0.197973 1.727596 0.897435 0.161304 -0.233533 -0.337719
1305031466.2293 1.144923 -0.190041 1.729948 0.896851 0.170155 -0.236657 -0.332715
1305031466.2593 1.169671 -0.197519 1.730087 0.894806 0.179242 -0.229972 -0.338093
1305031466.2993 1.188981 -0.210538 1.733955 0.895293 0.184628 -0.216828 -0.342561
1305031466.3293 1.205383 -0.216559 1.739464 0.898337 0.188665 -0.205494 -0.339366
1305031466.3593 1.218194 -0.211303 1.750897 0.899279 0.192564 -0.200747 -0.337515
1305031466.3993 1.237215 -0.226067 1.751449 0.894984 0.195624 -0.202442 -0.346051
1305031466.4293 1.259876 -0.234643 1.748719 0.892753 0.200626 -0.206842 -0.346349
1305031466.4592 1.284343 -0.232617 1.746001 0.893041 0.203503 -0.211257 -0.341226
1305031466.4993 1.309756 -0.225921 1.743391 0.893866 0.204158 -0.211420 -0.338562
1305031466.5293 1.329227 -0.234099 1.739195 0.894584 0.204710 -0.206251 -0.339519
1305031466.5593 1.349660 -0.234626 1.733277 0.896706 0.209100 -0.203919 -0.332584
1305031466.5992 1.371201 -0.213306 1.735182 0.899298 0.213882 -0.202263 -0.323430
1305031466.6293 1.391084 -0.215010 1.734695 0.896402 0.217242 -0.198446 -0.331495
1305031466.6592 1.411521 -0.226593 1.724861 0.893131 0.224366 -0.196729 -0.336562
1305031466.6993 1.431391 -0.216868 1.721216 0.892967 0.235202 -0.196360 -0.329746
1305031466.7293 1.449525 -0.200809 1.722849 0.891150 0.242615 -0.195761 -0.329648
1305031466.7593 1.468035 -0.211858 1.717319 0.886175 0.246827 -0.195435 -0.339965
1305031466.7993 1.486461 -0.214220 1.710210 0.884699 0.251232 -0.198299 -0.338922
1305031466.8293 1.496966 -0.204969 1.715863 0.885517 0.252859 -0.202334 -0.333141
1305031466.8593 1.512283 -0.206639 1.716516 0.881526 0.256047 -0.212601 -0.334893
1305031466.8993 1.531753 -0.203135 1.714564 0.877136 0.262244 -0.226267 -0.332661
1305031466.9292 1.554564 -0.192063 1.713299 0.873686 0.266641 -0.238276 -0.329849
1305031466.9593 1.573859 -0.187174 1.709838 0.870833 0.270653 -0.243520 -0.330296
1305031466.9994 1.590088 -0.182461 1.708728 0.868373 0.275805 -0.246471 -0.330322
1305031467.0292 1.608959 -0.177597 1.704382 0.866168 0.279374 -0.249449 -0.330876
1305031467.0593 1.623067 -0.173948 1.703148 0.865204 0.285007 -0.248346 -0.329420
1305031467.0992 1.635070 -0.166784 1.703098 0.861639 0.295505 -0.248082 -0.329711
1305031467.1293 1.648858 -0.163233 1.700921 0.857682 0.303335 -0.249068 -0.332166
1305031467.1592 1.660359 -0.162372 1.700437 0.854815 0.308162 -0.251484 -0.333292
1305031467.1992 1.674504 -0.157746 1.698419 0.850767 0.314902 -0.256918 -0.333205
1305031467.2293 1.689494 -0.151671 1.697255 0.847008 0.320452 -0.261701 -0.333767
1305031467.2592 1.703902 -0.149383 1.695654 0.842498 0.327138 -0.265327 -0.335828
1305031467.2992 1.719368 -0.148054 1.693485 0.838339 0.332854 -0.269582 -0.337225
1305031467.3292 1.735121 -0.149411 1.688799 0.836035 0.336508 -0.274571 -0.335289
1305031467.3592 1.748796 -0.143325 1.688224 0.834278 0.343804 -0.279214 -0.328357
1305031467.3993 1.762163 -0.134114 1.690196 0.832120 0.349311 -0.283680 -0.324166
1305031467.4292 1.778114 -0.132862 1.688778 0.828969 0.352342 -0.289506 -0.323810
1305031467.4592 1.796488 -0.130671 1.684515 0.825633 0.359308 -0.294765 -0.319907
1305031467.5092 1.810108 -0.118196 1.683901 0.824098 0.367493 -0.296139 -0.313230
1305031467.5293 1.821698 -0.108976 1.683063 0.822795 0.370231 -0.296776 -0.312828
1305031467.5592 1.832906 -0.105859 1.682362 0.822740 0.369477 -0.297805 -0.312886
1305031467.5993 1.838458 -0.092796 1.686134 0.822241 0.368978 -0.302455 -0.310315
1305031467.6292 1.850131 -0.081230 1.686332 0.819082 0.366442 -0.310638 -0.313573
1305031467.6593 1.862340 -0.073782 1.682147 0.815355 0.368422 -0.314935 -0.316666
1305031467.6992 1.864839 -0.056570 1.680095 0.811825 0.372935 -0.316646 -0.318739
1305031467.7293 1.869634 -0.045077 1.678423 0.808176 0.374328 -0.319022 -0.323968
1305031467.7592 1.873690 -0.034207 1.673240 0.804366 0.376918 -0.321738 -0.327738
1305031467.7992 1.870485 -0.015155 1.669651 0.801589 0.378099 -0.324899 -0.330057
1305031467.8293 1.869700 -0.000951 1.664291 0.798324 0.374999 -0.331338 -0.335067
1305031467.8592 1.871491 0.008606 1.657088 0.793360 0.375421 -0.338931 -0.338770
1305031467.8992 1.868200 0.030174 1.649679 0.788085 0.379796 -0.346482 -0.338565
1305031467.9293 1.867232 0.052757 1.642761 0.782916 0.380919 -0.353712 -0.341806
1305031467.9593 1.871938 0.064920 1.627627 0.778274 0.382951 -0.357532 -0.346135
1305031467.9992 1.859889 0.088252 1.620698 0.778041 0.386679 -0.356773 -0.343285
1305031468.0292 1.851860 0.107959 1.617759 0.774692 0.388709 -0.358751 -0.346490
1305031468.0592 1.852738 0.122778 1.607237 0.770817 0.390677 -0.362902 -0.348591
1305031468.0992 1.843369 0.147158 1.600298 0.770044 0.392932 -0.365056 -0.345501
1305031468.1292 1.839649 0.168593 1.594624 0.767139 0.395866 -0.367230 -0.346308
1305031468.1593 1.835552 0.190285 1.587081 0.765365 0.399276 -0.367848 -0.345664
1305031468.1993 1.827407 0.215101 1.584417 0.766619 0.399659 -0.367360 -0.342949
1305031468.2292 1.822078 0.237387 1.580281 0.767853 0.398121 -0.366923 -0.342445
1305031468.2593 1.814222 0.259107 1.578534 0.769210 0.398315 -0.364613 -0.341643
1305031468.2992 1.804615 0.286346 1.582180 0.771038 0.396388 -0.363607 -0.340832
1305031468.3293 1.805016 0.301668 1.582379 0.772229 0.391152 -0.363234 -0.344562
1305031468.3592 1.801757 0.315412 1.582624 0.773755 0.391103 -0.361243 -0.343284
1305031468.3992 1.791897 0.340507 1.591088 0.776355 0.392459 -0.360131 -0.336980
1305031468.4292 1.788848 0.360639 1.595631 0.777365 0.391016 -0.361636 -0.334707
1305031468.4592 1.783360 0.379050 1.598497 0.778794 0.391903 -0.359941 -0.332167
1305031468.4993 1.769730 0.398829 1.608159 0.778582 0.396388 -0.356002 -0.331587
1305031468.5292 1.761302 0.412708 1.617515 0.773324 0.402543 -0.354428 -0.338098
1305031468.5592 1.760540 0.419119 1.624564 0.769639 0.407110 -0.353428 -0.342060
1305031468.5992 1.748905 0.434374 1.634531 0.771589 0.410299 -0.352320 -0.334926
1305031468.6292 1.732496 0.452311 1.651261 0.771531 0.413186 -0.353651 -0.330074
1305031468.6592 1.722309 0.465175 1.660899 0.766252 0.416816 -0.359018 -0.332007
1305031468.6992 1.715460 0.474961 1.666800 0.761570 0.418262 -0.365157 -0.334259
1305031468.7292 1.707558 0.486923 1.672976 0.759001 0.419571 -0.369526 -0.333659
1305031468.7593 1.695003 0.503845 1.683353 0.755332 0.423749 -0.371041 -0.335020
1305031468.7993 1.687843 0.510679 1.689894 0.748886 0.427572 -0.372338 -0.343097
1305031468.8307 1.686411 0.518557 1.686515 0.745426 0.430235 -0.372724 -0.346865
1305031468.8592 1.677089 0.528085 1.691163 0.748013 0.431373 -0.367183 -0.345790
1305031468.8992 1.668688 0.534077 1.694481 0.753223 0.428301 -0.362110 -0.343641
1305031468.9292 1.664498 0.532428 1.696147 0.759307 0.425224 -0.356041 -0.340400
1305031468.9592 1.660431 0.527019 1.689040 0.763649 0.430105 -0.349217 -0.331508
1305031468.9992 1.645800 0.539291 1.691688 0.769570 0.439317 -0.340670 -0.314175
1305031469.0292 1.630646 0.546397 1.695164 0.772065 0.448151 -0.333763 -0.302784
1305031469.0592 1.626410 0.556757 1.686456 0.770696 0.459338 -0.329368 -0.294200
1305031469.0992 1.614741 0.570721 1.682221 0.772977 0.469488 -0.318075 -0.284457
1305031469.1292 1.602146 0.579472 1.678703 0.776447 0.476053 -0.305417 -0.277890
1305031469.1593 1.585028 0.586926 1.677684 0.780539 0.480597 -0.292210 -0.272761
1305031469.1992 1.571156 0.586787 1.675587 0.783189 0.482725 -0.283017 -0.271095
1305031469.2292 1.563444 0.591986 1.667304 0.783640 0.486373 -0.278748 -0.267675
1305031469.2593 1.552560 0.596572 1.660446 0.785914 0.488296 -0.272109 -0.264316
1305031469.2993 1.545258 0.596741 1.651273 0.787734 0.489753 -0.267178 -0.261216
1305031469.3292 1.538443 0.609405 1.637921 0.788654 0.494433 -0.261640 -0.255158
1305031469.3592 1.527186 0.618047 1.628437 0.790424 0.497573 -0.249297 -0.255935
1305031469.3992 1.521052 0.615189 1.616093 0.791080 0.499794 -0.236243 -0.261891
1305031469.4293 1.510763 0.611627 1.603727 0.791087 0.503682 -0.223738 -0.265382
1305031469.4592 1.497703 0.604267 1.593032 0.791972 0.505160 -0.214805 -0.267307
1305031469.4993 1.494033 0.599609 1.577396 0.792373 0.505630 -0.214344 -0.265592
1305031469.5294 1.488895 0.600815 1.561427 0.793449 0.507452 -0.214065 -0.259053
1305031469.5592 1.485274 0.600041 1.544792 0.795569 0.508178 -0.213368 -0.251592
1305031469.5992 1.477915 0.600649 1.528776 0.798699 0.509377 -0.209708 -0.242150
1305031469.6292 1.466700 0.598109 1.513929 0.801668 0.509603 -0.203343 -0.237243
1305031469.6592 1.462738 0.594632 1.497714 0.804154 0.508520 -0.199609 -0.234306
1305031469.6992 1.455123 0.589800 1.482550 0.807665 0.507238 -0.193525 -0.230076
1305031469.7292 1.449373 0.580849 1.466622 0.811648 0.504552 -0.188327 -0.226246
1305031469.7595 1.439546 0.569235 1.449294 0.815079 0.502622 -0.184535 -0.221278
1305031469.7992 1.433043 0.562831 1.436858 0.816950 0.502520 -0.184817 -0.214264
1305031469.8292 1.424968 0.550632 1.420808 0.819410 0.501471 -0.184249 -0.207718
1305031469.8592 1.416765 0.538239 1.406779 0.821766 0.499970 -0.183676 -0.202470
1305031469.8992 1.407931 0.523754 1.391712 0.823918 0.497670 -0.184247 -0.198840
1305031469.9292 1.400476 0.510742 1.380237 0.824687 0.496766 -0.186637 -0.195657
1305031469.9592 1.393674 0.497067 1.369513 0.825670 0.495640 -0.188116 -0.192930
1305031469.9992 1.387751 0.483819 1.360196 0.825831 0.496055 -0.189983 -0.189309
1305031470.0292 1.380432 0.466612 1.350809 0.826629 0.495609 -0.189186 -0.187788
1305031470.0592 1.373694 0.451539 1.344467 0.828037 0.494305 -0.188602 -0.185596
1305031470.0992 1.367777 0.435361 1.337964 0.830085 0.492691 -0.187989 -0.181314
1305031470.1292 1.359007 0.418523 1.330420 0.832225 0.490554 -0.188044 -0.177195
1305031470.1592 1.353105 0.404127 1.327205 0.833705 0.488760 -0.189815 -0.173265
1305031470.1992 1.347232 0.388734 1.324259 0.836009 0.486588 -0.189490 -0.168568
1305031470.2292 1.340602 0.374208 1.320972 0.838325 0.484785 -0.188798 -0.162941
1305031470.2592 1.334289 0.359964 1.317950 0.840619 0.483523 -0.187437 -0.156309
1305031470.2992 1.326189 0.345100 1.313443 0.843291 0.481706 -0.186345 -0.148646
1305031470.3292 1.318138 0.329744 1.310652 0.846184 0.478468 -0.186793 -0.141948
1305031470.3592 1.310872 0.315158 1.308607 0.848019 0.476263 -0.188063 -0.136640
1305031470.3992 1.302465 0.301379 1.307099 0.847389 0.477859 -0.188978 -0.133677
1305031470.4292 1.294274 0.287254 1.306683 0.846879 0.478481 -0.190014 -0.133214
1305031470.4592 1.287445 0.274716 1.307806 0.847113 0.477326 -0.192342 -0.132529
1305031470.4992 1.281137 0.263242 1.308709 0.846786 0.477657 -0.193634 -0.131542
1305031470.5292 1.274563 0.252010 1.308953 0.847302 0.477332 -0.193221 -0.129999
1305031470.5592 1.267020 0.241738 1.310184 0.849089 0.474824 -0.193050 -0.127758
1305031470.5992 1.260676 0.231707 1.309675 0.851432 0.471327 -0.193460 -0.124449
1305031470.6292 1.253242 0.222701 1.310146 0.853574 0.468163 -0.193691 -0.121318
1305031470.6592 1.246266 0.212905 1.309254 0.855157 0.465757 -0.194575 -0.117974
1305031470.6992 1.237753 0.206753 1.308492 0.855794 0.464488 -0.196104 -0.115806
1305031470.7292 1.235866 0.199362 1.308265 0.857696 0.460584 -0.196444 -0.116747
1305031470.7592 1.225183 0.193870 1.310524 0.861629 0.457312 -0.189664 -0.111753
1305031470.7993 1.217160 0.188213 1.313094 0.863421 0.453382 -0.190377 -0.112720
1305031470.8292 1.210950 0.181663 1.315759 0.864581 0.448974 -0.193246 -0.116529
1305031470.8592 1.205170 0.173708 1.319481 0.866053 0.444015 -0.196036 -0.119888
1305031470.8992 1.197909 0.169457 1.322984 0.866382 0.440952 -0.200740 -0.121027
1305031470.9292 1.189521 0.165265 1.327569 0.865414 0.438420 -0.206300 -0.127616
1305031470.9592 1.186863 0.159058 1.330232 0.864422 0.434979 -0.211627 -0.137043
1305031470.9992 1.179799 0.156574 1.335719 0.864483 0.432077 -0.212750 -0.143931
1305031471.0292 1.172855 0.151007 1.343008 0.865976 0.426111 -0.212249 -0.153183
1305031471.0592 1.167455 0.144327 1.349153 0.868124 0.417978 -0.214056 -0.160732
1305031471.0992 1.161977 0.140821 1.353824 0.869608 0.411202 -0.217754 -0.165160
1305031471.1292 1.160876 0.135406 1.356040 0.870481 0.404158 -0.221924 -0.172244
1305031471.1592 1.157359 0.130646 1.359168 0.873065 0.397436 -0.221478 -0.175356
1305031471.1992 1.151004 0.125639 1.362630 0.876128 0.392000 -0.218565 -0.175969
1305031471.2292 1.144078 0.123908 1.365516 0.878194 0.388948 -0.216940 -0.174444
1305031471.2592 1.138391 0.123205 1.368310 0.880276 0.384523 -0.216342 -0.174509
1305031471.2992 1.137057 0.120899 1.371960 0.881562 0.380336 -0.214899 -0.178916
1305031471.3292 1.135174 0.116327 1.374887 0.884223 0.376247 -0.207988 -0.182562
1305031471.3592 1.126549 0.115565 1.378052 0.888145 0.370391 -0.201094 -0.183223
1305031471.3992 1.121813 0.108928 1.382838 0.890824 0.362139 -0.199743 -0.188125
1305031471.4293 1.120225 0.104572 1.385796 0.892290 0.357061 -0.201719 -0.188774
1305031471.4593 1.117001 0.102609 1.388242 0.894106 0.353275 -0.201948 -0.187053
1305031471.4992 1.114023 0.100124 1.391759 0.895972 0.348947 -0.202039 -0.186144
1305031471.5292 1.114167 0.097749 1.393975 0.896849 0.346684 -0.201751 -0.186463
1305031471.5592 1.112659 0.096270 1.397283 0.898740 0.343764 -0.198084 -0.186697
1305031471.5992 1.111637 0.094077 1.400744 0.900404 0.340905 -0.194199 -0.187999
1305031471.6291 1.110167 0.092104 1.404056 0.902356 0.336655 -0.190313 -0.190261
1305031471.6592 1.109562 0.086843 1.407553 0.904595 0.330378 -0.187195 -0.193689
1305031471.6992 1.110271 0.083384 1.409391 0.906916 0.325352 -0.184814 -0.193634
1305031471.7292 1.110258 0.084898 1.410792 0.910056 0.319151 -0.182662 -0.191247
1305031471.7592 1.111577 0.079967 1.412027 0.913482 0.309761 -0.178577 -0.194189
1305031471.7992 1.110447 0.073069 1.411725 0.917106 0.302417 -0.173587 -0.193206
1305031471.8292 1.108844 0.072174 1.411131 0.920377 0.296585 -0.171078 -0.188881
1305031471.8591 1.109190 0.066915 1.410298 0.923558 0.289425 -0.168121 -0.187109
1305031471.8992 1.108798 0.065486 1.407975 0.926424 0.285890 -0.163889 -0.182058
1305031471.9292 1.104534 0.067948 1.408472 0.928895 0.283640 -0.156818 -0.179194
1305031471.9592 1.104445 0.055352 1.407349 0.930870 0.276986 -0.149313 -0.185647
1305031471.9992 1.100540 0.051588 1.404947 0.934004 0.274181 -0.142216 -0.179545
1305031472.0292 1.094976 0.053096 1.404939 0.936432 0.271258 -0.137270 -0.175130
1305031472.0592 1.092738 0.045081 1.404425 0.938492 0.264065 -0.133137 -0.178263
1305031472.0992 1.088892 0.038346 1.401780 0.940545 0.260872 -0.129257 -0.174966
1305031472.1291 1.082878 0.042454 1.400944 0.942084 0.260230 -0.127929 -0.168503
1305031472.1592 1.079872 0.040677 1.401958 0.942874 0.255081 -0.128641 -0.171390
1305031472.1991 1.079619 0.036697 1.401721 0.943010 0.251722 -0.129667 -0.174796
1305031472.2292 1.076479 0.040012 1.403724 0.943405 0.250805 -0.128768 -0.174647
1305031472.2591 1.075270 0.039174 1.406004 0.943078 0.247193 -0.128966 -0.181294
1305031472.2991 1.075302 0.032465 1.406122 0.942298 0.243725 -0.129033 -0.189799
1305031472.3292 1.074211 0.029763 1.407098 0.942401 0.242507 -0.128922 -0.190917
1305031472.3591 1.070502 0.032809 1.409195 0.943035 0.241645 -0.129989 -0.188135
1305031472.3992 1.068790 0.035054 1.411014 0.942513 0.241584 -0.133400 -0.188442
1305031472.4291 1.070510 0.038227 1.412391 0.941697 0.242633 -0.136278 -0.189114
1305031472.4592 1.070837 0.041226 1.414278 0.941981 0.242900 -0.134809 -0.188410
1305031472.4991 1.067336 0.046836 1.416674 0.942945 0.241920 -0.132073 -0.186779
1305031472.5291 1.065977 0.050705 1.420327 0.942550 0.240018 -0.133767 -0.189991
1305031472.5592 1.071232 0.048383 1.419825 0.941202 0.237118 -0.138979 -0.196464
1305031472.5991 1.072092 0.051628 1.420113 0.941473 0.235468 -0.140885 -0.195793
1305031472.6291 1.071265 0.056669 1.421770 0.941844 0.234444 -0.141492 -0.194798
1305031472.6592 1.071394 0.060150 1.422347 0.941604 0.233327 -0.143041 -0.196163
1305031472.6992 1.071467 0.063763 1.423498 0.940952 0.233609 -0.144298 -0.198023
1305031472.7292 1.072694 0.067003 1.423854 0.940087 0.234921 -0.144984 -0.200072
1305031472.7592 1.071241 0.070215 1.424823 0.939697 0.235933 -0.143276 -0.201933
1305031472.7992 1.071304 0.072707 1.425106 0.939315 0.235102 -0.143394 -0.204580
1305031472.8292 1.070118 0.072726 1.424886 0.939056 0.233653 -0.143582 -0.207280
1305031472.8592 1.070626 0.073798 1.424310 0.939248 0.231650 -0.146115 -0.206886
1305031472.8992 1.071203 0.077809 1.423495 0.939482 0.230814 -0.148437 -0.205096
1305031472.9291 1.071487 0.078145 1.422599 0.939453 0.229782 -0.148790 -0.206131
1305031472.9591 1.068991 0.078009 1.422717 0.939949 0.229040 -0.148200 -0.205118
1305031472.9991 1.070397 0.078681 1.421457 0.939632 0.229291 -0.150569 -0.204565
1305031473.0292 1.070072 0.081360 1.421200 0.939549 0.230864 -0.150840 -0.202971
1305031473.0592 1.070087 0.083070 1.421922 0.939226 0.232640 -0.149753 -0.203244
1305031473.0991 1.068754 0.083594 1.421876 0.939192 0.233739 -0.147916 -0.203481
1305031473.1291 1.066539 0.083700 1.422833 0.939183 0.233560 -0.147495 -0.204034
1305031473.1691 1.066970 0.084744 1.423332 0.938871 0.233590 -0.148789 -0.204497
