1305031102.1758 -0.002746 -0.016982 -0.060651 0.017019 0.014201 -0.003169 -0.999749
1305031102.2159 -0.002688 -0.034304 -0.136037 0.002563 0.011123 -0.018046 -0.999772
1305031102.2758 -0.008637 -0.006761 -0.146730 0.045800 0.042880 -0.009262 -0.997987
1305031102.3158 -0.014978 -0.000224 -0.028795 0.002552 0.007307 -0.000693 -0.999970
1305031102.3458 -0.001137 -0.004719 -0.007661 0.000070 0.002568 -0.001205 -0.999996
1305031102.3758 0.008040 -0.005614 -0.017784 0.007295 0.003658 -0.001498 -0.999966
1305031102.4159 0.016526 -0.177562 0.100492 0.029438 0.008405 -0.072342 -0.996910
1305031102.4458 -0.001362 0.007111 -0.002197 0.002158 0.001829 -0.002595 -0.999993
1305031102.4758 -0.001445 0.009467 0.023616 0.017534 0.002173 -0.002566 -0.999841
1305031102.5159 -0.004052 -0.002117 0.012545 0.007059 0.000528 -0.001650 -0.999974
1305031102.5759 -0.010322 0.017916 0.024212 0.016783 0.004959 -0.006176 -0.999828
1305031102.6159 0.024447 -0.211261 0.094137 0.101926 0.040909 -0.046876 -0.992844
1305031102.6759 -0.001556 -0.001191 0.072712 0.023936 0.012331 -0.001194 -0.999637
1305031102.7159 0.000730 -0.002289 0.029874 0.004498 0.001429 -0.003908 -0.999981
1305031102.7458 0.014202 0.002217 0.057060 0.000981 0.006669 -0.001726 -0.999976
1305031102.7758 0.004325 0.023606 0.082158 0.002875 0.023555 -0.012836 -0.999636
1305031102.8159 0.001224 0.003720 0.013044 0.003971 0.001857 -0.001642 -0.999989
1305031102.8458 -0.011760 0.029922 0.093725 0.037240 0.005868 -0.014073 -0.999190
1305031102.8758 -0.003247 -0.017025 -0.001411 0.021458 0.010092 -0.016863 -0.999577
1305031102.9159 -0.000265 -0.004157 -0.015888 0.004705 0.007584 -0.002113 -0.999958
1305031102.9759 -0.005018 -0.002916 -0.048800 0.006419 0.008725 -0.007026 -0.999917
1305031103.0159 0.000677 -0.005429 -0.042586 0.000200 0.019256 -0.001444 -0.999814
1305031103.0458 0.000177 -0.005755 -0.030635 0.001709 0.008542 -0.002314 -0.999959
1305031103.0758 -0.003893 -0.003786 -0.107314 0.023991 0.007929 -0.021194 -0.999456
1305031103.1158 -0.003358 -0.004593 -0.016549 0.004287 0.001534 -0.001090 -0.999989
1305031103.1459 0.006020 -0.004857 -0.073350 0.021097 0.006097 -0.002982 -0.999754
1305031103.1758 0.002079 -0.004929 -0.012067 0.004373 0.003126 -0.000077 -0.999986
1305031103.2458 0.005433 -0.000553 -0.036174 0.028248 0.012124 -0.000645 -0.999527
1305031103.2758 0.008149 0.001457 -0.018633 0.014950 0.013251 -0.000640 -0.999800
1305031103.3158 0.004174 0.005413 -0.004127 0.000009 0.006117 -0.002491 -0.999978
1305031103.3459 0.002010 -0.006093 0.002820 0.001844 0.002041 -0.002428 -0.999993
1305031103.3759 -0.002243 0.016093 0.009826 0.009140 0.000083 -0.003644 -0.999952
1305031103.4158 0.009610 -0.001653 0.007250 0.006557 0.003262 -0.003865 -0.999966
1305031103.4458 0.002078 -0.000178 0.002024 0.000778 0.003305 -0.002370 -0.999991
1305031103.4759 0.064915 0.004986 0.018217 0.016146 0.035426 -0.006138 -0.999223
1305031103.5160 0.009291 0.006477 0.001491 0.000763 0.003533 -0.003459 -0.999987
1305031103.5458 0.024138 -0.010139 0.016783 0.008509 0.004065 -0.003516 -0.999949
1305031103.5759 0.007160 0.006536 0.002143 0.001515 0.005319 -0.000081 -0.999985
1305031103.6159 0.005817 0.003564 0.002843 0.003480 0.002380 -0.000877 -0.999991
1305031103.6458 0.016507 0.003284 0.010286 0.011078 0.003467 -0.006630 -0.999911
1305031103.6758 0.069663 0.049405 0.036092 0.006093 0.052736 -0.021786 -0.998352
1305031103.7158 -0.012319 0.000149 -0.019566 0.005310 0.016218 -0.011322 -0.999790
1305031103.7458 -0.045080 0.012089 -0.011617 0.012722 0.015459 -0.001307 -0.999799
1305031103.7758 -0.036483 -0.007945 -0.001923 0.003737 0.009830 -0.002700 -0.999941
1305031103.8159 -0.023736 0.001565 -0.000374 0.006166 0.018300 -0.002029 -0.999811
1305031103.8458 -0.034181 0.005972 -0.003945 0.006299 0.015218 -0.012507 -0.999786
1305031103.8758 -0.089968 0.009317 -0.016134 0.002795 0.010691 -0.008847 -0.999900
1305031103.9158 -0.049827 0.001483 0.005101 0.013874 0.008509 -0.002767 -0.999864
1305031103.9458 -0.040041 0.004350 0.006670 0.006136 0.011826 -0.012054 -0.999839
1305031103.9758 -0.014822 -0.001898 0.005406 0.004937 0.001521 -0.005284 -0.999973
1305031104.0158 -0.076409 0.002060 0.017018 0.015289 0.010957 -0.028171 -0.999426
1305031104.0458 -0.053308 -0.006405 0.006718 0.000331 0.019042 -0.005121 -0.999806
1305031104.0759 -0.011654 -0.000736 0.001039 0.000839 0.005295 -0.003664 -0.999979
1305031104.1158 -0.035637 0.001559 0.004139 0.006671 0.018350 -0.012781 -0.999728
1305031104.1458 -0.031123 0.006472 0.006137 0.005133 0.019414 -0.013345 -0.999709
1305031104.1758 -0.024126 -0.000051 0.008651 0.001915 0.007558 -0.009042 -0.999929
1305031104.2159 -0.018792 -0.002944 0.009299 0.006215 0.007771 -0.006684 -0.999928
1305031104.2458 0.020015 0.007970 0.006591 0.000227 0.000830 -0.000252 -1.000000
1305031104.2759 0.031103 0.001443 -0.005439 0.000949 0.011962 -0.009625 -0.999882
1305031104.3158 0.020703 0.003453 -0.006223 0.004005 0.012585 -0.004103 -0.999904
1305031104.3460 0.030049 0.002341 -0.009031 0.004091 0.009829 -0.004580 -0.999933
1305031104.3758 0.042673 0.002372 0.001111 0.006027 0.009908 -0.001310 -0.999932
1305031104.4158 0.054011 0.004073 -0.010628 0.014737 0.034100 -0.008622 -0.999273
1305031104.4458 0.043446 0.003363 -0.002811 0.008884 0.009461 -0.021368 -0.999687
1305031104.4758 0.067585 0.000774 -0.003806 0.013077 0.060581 -0.012937 -0.997994
1305031104.5158 0.026934 -0.001339 0.003780 0.001883 0.004490 -0.018016 -0.999826
1305031104.5458 0.052372 0.004375 0.005599 0.008096 0.012712 -0.006536 -0.999865
1305031104.5758 0.013806 -0.000070 0.001576 0.002114 0.011375 -0.000038 -0.999933
1305031104.6159 0.036915 0.006241 0.002738 0.004533 0.026124 -0.013623 -0.999556
1305031104.6458 0.054872 -0.017991 0.001117 0.010563 0.024380 -0.008877 -0.999608
1305031104.6759 0.010081 0.001411 0.000586 0.007316 0.000692 -0.002209 -0.999971
1305031104.7158 0.054394 0.003334 0.006900 0.012553 0.010947 -0.033040 -0.999315
1305031104.7458 0.055418 0.002518 0.000668 0.001205 0.000533 -0.027977 -0.999608
1305031104.7758 -0.021448 0.031736 0.002081 0.012454 0.004422 -0.006571 -0.999891
1305031104.8158 -0.308992 0.038873 -0.007694 0.014720 0.035076 -0.026409 -0.998927
1305031104.8458 -0.120604 0.008864 0.269292 0.002649 0.075291 -0.040736 -0.996326
1305031104.8758 -0.066534 0.003621 0.004941 0.002704 0.009014 -0.019416 -0.999767
1305031104.9158 -0.028180 -0.004901 0.002754 0.002937 0.000487 -0.004505 -0.999985
1305031104.9458 -0.103998 0.003501 0.006238 0.017153 0.010691 -0.022391 -0.999545
1305031104.9759 -0.025356 0.004120 0.001541 0.005724 0.002164 -0.005316 -0.999967
1305031105.0158 -0.047620 -0.004179 0.010807 0.003813 0.023412 -0.007671 -0.999689
1305031105.0458 -0.021171 -0.002831 0.004592 0.000846 0.003573 -0.008490 -0.999957
1305031105.0758 -0.030938 -0.003495 0.009834 0.002784 0.025231 -0.003538 -0.999672
1305031105.1158 -0.012000 -0.001010 0.002326 0.003158 0.001137 -0.005296 -0.999980
1305031105.1458 -0.006883 -0.002895 0.002475 0.005257 0.002508 -0.000879 -0.999983
1305031105.1758 -0.001047 -0.005043 0.006326 0.000367 0.017696 -0.005759 -0.999827
1305031105.2159 0.004222 0.006075 -0.003585 0.000352 0.000930 -0.003395 -0.999994
1305031105.2458 0.017164 0.011261 -0.000841 0.004140 0.000948 -0.002746 -0.999987
1305031105.2758 0.028824 0.009594 0.002505 0.008561 0.004771 -0.000621 -0.999952
1305031105.3158 0.032236 0.004481 0.004849 0.006883 0.017186 -0.004984 -0.999816
1305031105.3458 0.068577 0.001712 0.012397 0.004997 0.011649 -0.018385 -0.999751
1305031105.3758 0.053175 0.011424 -0.000806 0.007802 0.005068 -0.016098 -0.999827
1305031105.4158 0.041415 0.002377 0.006632 0.005936 0.000015 -0.010643 -0.999926
1305031105.4458 0.057358 -0.005652 -0.008172 0.002327 0.040614 -0.023971 -0.998885
1305031105.4761 0.031928 0.002985 -0.004667 0.003768 0.002107 -0.019404 -0.999802
1305031105.5158 0.036129 -0.002878 -0.002306 0.002583 0.015386 -0.013988 -0.999780
1305031105.5459 0.056213 0.003327 -0.001156 0.004307 0.028503 -0.030249 -0.999127
1305031105.5758 0.062527 0.010550 0.014703 0.004938 0.045252 -0.021193 -0.998739
1305031105.6158 0.355401 0.261863 0.144889 0.136308 0.118852 -0.043495 -0.982549
1305031105.6458 0.007538 0.002200 -0.004077 0.007732 0.015101 -0.018241 -0.999690
1305031105.7158 -0.000530 -0.003540 -0.000115 0.001200 0.000959 -0.003185 -0.999994
1305031105.7459 -0.002686 0.002360 -0.003874 0.003154 0.000717 -0.003464 -0.999989
1305031105.7758 -0.028007 0.009597 -0.011711 0.005471 0.004310 -0.013652 -0.999883
1305031105.8158 -0.441461 0.313978 0.370527 0.237467 0.195851 -0.057393 -0.949715
1305031105.8458 -0.045406 0.010028 -0.007896 0.004010 0.038163 -0.028040 -0.998870
1305031105.8758 -0.047228 -0.013829 -0.014992 0.012444 0.041935 -0.026020 -0.998704
1305031105.9159 -0.009632 0.001048 0.003334 0.005220 0.017826 -0.008904 -0.999788
1305031105.9458 -0.010124 -0.018790 0.006631 0.014958 0.002995 -0.007608 -0.999855
1305031105.9758 0.001410 -0.017930 -0.003687 0.006676 0.005107 -0.004195 -0.999956
1305031106.0158 -0.001942 -0.009035 -0.002840 0.008487 0.001912 -0.001770 -0.999961
1305031106.0458 0.001006 -0.033205 0.006614 0.000978 0.009924 -0.005171 -0.999937
1305031106.0758 0.001351 -0.016881 0.004254 0.000714 0.005298 -0.004905 -0.999974
1305031106.1158 0.007087 -0.031814 0.008426 0.001511 0.000662 -0.003131 -0.999994
1305031106.1458 -0.002511 -0.029913 0.009968 0.001042 0.006000 -0.000233 -0.999981
1305031106.1758 0.001728 -0.014524 0.005426 0.002839 0.000359 -0.000014 -0.999996
1305031106.2158 0.005254 -0.056779 0.016595 0.000001 0.012899 -0.004107 -0.999908
1305031106.2458 -0.002328 -0.040225 0.008016 0.015630 0.001512 -0.000387 -0.999877
1305031106.2758 -0.004143 -0.014164 0.001063 0.012787 0.002698 -0.002964 -0.999910
1305031106.3158 0.004086 -0.006531 0.004732 0.000831 0.001949 -0.005294 -0.999984
1305031106.3458 0.001828 0.005348 -0.003241 0.001462 0.000522 -0.000324 -0.999999
1305031106.3758 -0.001963 0.027763 -0.000138 0.006540 0.006392 -0.009577 -0.999912
1305031106.4158 -0.005615 0.026117 -0.013828 0.001888 0.004193 -0.001431 -0.999988
1305031106.4458 0.005612 0.030590 -0.012514 0.000460 0.001491 -0.002272 -0.999996
1305031106.4758 -0.000184 0.005572 -0.001557 0.003746 0.000696 -0.001902 -0.999991
1305031106.5159 -0.016897 0.069812 -0.031609 0.004955 0.001179 -0.008844 -0.999948
1305031106.5458 -0.001721 0.032522 -0.014851 0.003580 0.010075 -0.001922 -0.999941
1305031106.5758 -0.002443 0.022866 -0.008899 0.001911 0.001954 -0.000393 -0.999996
1305031106.6158 -0.004578 0.031731 -0.010551 0.002876 0.003904 -0.004609 -0.999978
1305031106.6458 -0.001428 0.031888 -0.007512 0.001338 0.004688 -0.000734 -0.999988
1305031106.6758 -0.005543 0.021721 -0.005408 0.002252 0.002422 -0.002078 -0.999992
1305031106.7158 -0.005735 0.036639 -0.004221 0.006647 0.004780 -0.001163 -0.999966
1305031106.7458 0.000836 0.012391 0.001214 0.003882 0.002108 -0.001041 -0.999990
1305031106.7758 -0.011668 0.021431 0.000308 0.014214 0.007075 -0.009155 -0.999832
1305031106.8158 0.000573 0.009962 0.000394 0.001583 0.001303 -0.004215 -0.999989
1305031106.8458 -0.002892 0.036548 -0.000167 0.005397 0.006947 -0.004466 -0.999951
1305031106.8760 0.000122 0.005350 -0.000512 0.002504 0.003274 -0.000470 -0.999991
1305031106.9158 -0.004713 0.013945 0.004213 0.011014 0.002014 -0.004940 -0.999925
1305031106.9458 -0.002429 0.002315 0.002581 0.001994 0.001669 -0.002080 -0.999994
1305031106.9758 -0.000215 -0.027726 -0.000853 0.014647 0.002329 -0.004087 -0.999882
1305031107.0158 0.003051 -0.032352 0.006056 0.010650 0.001278 -0.002682 -0.999939
1305031107.0458 0.000476 -0.002635 0.000760 0.009315 0.000831 -0.000137 -0.999956
1305031107.0759 0.009016 -0.070419 0.021636 0.029007 0.021376 -0.010709 -0.999293
1305031107.1158 0.003432 -0.036879 0.011669 0.007749 0.006095 -0.000034 -0.999951
1305031107.1458 0.004585 -0.023602 0.007129 0.000573 0.001980 -0.002845 -0.999994
1305031107.1758 -0.001243 -0.037693 0.008357 0.002079 0.001490 -0.006540 -0.999975
1305031107.2158 -0.000703 -0.007296 0.001330 0.000681 0.000428 -0.001019 -0.999999
1305031107.2458 -0.000469 -0.014693 0.002884 0.000630 0.001295 -0.000657 -0.999999
1305031107.2758 0.004073 -0.037009 0.007090 0.007925 0.004247 -0.001086 -0.999959
1305031107.3158 -0.003234 -0.019533 0.003934 0.000870 0.000951 -0.001245 -0.999998
1305031107.3458 0.004444 -0.031551 0.008878 0.005046 0.004027 -0.002875 -0.999975
1305031107.3758 -0.002884 -0.037095 0.002445 0.009347 0.006305 -0.000545 -0.999936
1305031107.4158 -0.000286 -0.005946 0.001137 0.000866 0.000299 -0.000030 -1.000000
1305031107.4458 -0.002854 -0.044207 0.013534 0.005129 0.012445 -0.004559 -0.999899
1305031107.4758 0.000311 -0.004846 0.001670 0.001624 0.000123 -0.000074 -0.999999
1305031107.5158 0.001763 -0.019897 0.010224 0.009637 0.001430 -0.016189 -0.999821
1305031107.5457 0.001706 0.014570 -0.003284 0.001690 0.003420 -0.006978 -0.999968
1305031107.5758 -0.000132 0.026570 -0.009317 0.002208 0.000800 -0.013033 -0.999912
1305031107.6158 -0.004067 0.027352 -0.014197 0.000018 0.003858 -0.011547 -0.999926
1305031107.6458 -0.000019 0.003623 0.001527 0.007353 0.000086 -0.002699 -0.999969
1305031107.6758 -0.004235 0.013072 -0.006150 0.000155 0.000142 -0.002601 -0.999997
1305031107.7157 -0.008143 0.035525 -0.011788 0.016352 0.005752 -0.007357 -0.999823
1305031107.7458 -0.004983 0.028475 -0.011025 0.008865 0.013984 -0.001101 -0.999862
1305031107.7758 0.001296 0.009967 -0.004254 0.001541 0.004645 -0.001057 -0.999987
1305031107.8158 -0.004689 0.029087 -0.010817 0.003745 0.000510 -0.002086 -0.999991
1305031107.8459 -0.003337 0.023571 -0.008226 0.003080 0.002888 -0.001627 -0.999990
1305031107.8757 -0.002585 0.047581 -0.009723 0.005536 0.005180 -0.001326 -0.999970
1305031107.9158 0.001731 0.010080 -0.000842 0.001641 0.003475 -0.001796 -0.999991
1305031107.9458 -0.010356 0.013680 -0.003679 0.007909 0.011534 -0.001715 -0.999901
1305031107.9758 -0.003446 0.022515 -0.004052 0.005048 0.000696 -0.007845 -0.999956
1305031108.0159 -0.003857 0.038161 -0.006636 0.003002 0.003609 -0.006545 -0.999968
1305031108.0458 0.001799 0.012012 -0.000628 0.001533 0.001213 -0.001110 -0.999997
1305031108.0758 -0.002597 0.023835 -0.000698 0.008634 0.009463 -0.000726 -0.999918
1305031108.1158 -0.000451 0.035081 0.008689 0.022313 0.015905 -0.008418 -0.999589
1305031108.1459 0.002178 0.034428 0.007065 0.009193 0.008736 -0.010323 -0.999866
1305031108.1758 0.001960 0.006885 -0.000123 0.001878 0.001001 -0.002039 -0.999996
1305031108.2158 0.001170 0.015490 0.001040 0.002848 0.001859 -0.004629 -0.999984
1305031108.2458 0.009657 0.020298 0.010907 0.016370 0.006898 -0.005475 -0.999827
1305031108.2758 0.000354 0.005814 0.000586 0.001717 0.000922 -0.002710 -0.999994
1305031108.3157 0.001481 0.002046 0.003955 0.001695 0.002692 -0.001764 -0.999993
1305031108.3458 -0.000549 -0.007855 0.001784 0.002037 0.004891 -0.002071 -0.999984
1305031108.3758 -0.005964 -0.026576 0.001561 0.017198 0.010593 -0.001914 -0.999794
1305031108.4157 -0.008876 -0.000088 0.006538 0.027212 0.000787 -0.007070 -0.999604
1305031108.4459 0.000722 -0.017603 -0.001927 0.004192 0.006672 -0.001080 -0.999968
1305031108.4758 0.000460 -0.065019 -0.000875 0.029918 0.013687 -0.009879 -0.999410
1305031108.5158 -0.001530 -0.043049 0.001653 0.019690 0.007734 -0.009777 -0.999728
1305031108.5458 0.002910 -0.024727 0.004758 0.006978 0.004873 -0.004045 -0.999956
1305031108.5759 0.001331 -0.009388 0.001557 0.004975 0.000403 -0.002133 -0.999985
1305031108.6157 -0.000430 -0.014075 0.003500 0.001346 0.000204 -0.001920 -0.999997
1305031108.6457 0.001984 -0.023268 0.006233 0.005214 0.002608 -0.001001 -0.999983
1305031108.6757 0.006889 -0.035387 0.015108 0.003305 0.000414 -0.000627 -0.999994
1305031108.7158 0.002525 -0.032371 0.013489 0.004299 0.001580 -0.003239 -0.999984
1305031108.7458 0.002053 -0.014042 0.006640 0.008513 0.004989 -0.001572 -0.999950
1305031108.7758 0.000639 -0.011488 0.005048 0.000923 0.000907 -0.003213 -0.999994
1305031108.8159 0.001752 -0.020883 0.007079 0.004363 0.001559 -0.000937 -0.999989
1305031108.8257 -0.004770 -0.035140 0.009965 0.000469 0.005597 -0.002519 -0.999981
1305031108.8357 0.001804 -0.011801 0.005587 0.000796 0.001075 -0.001233 -0.999998
1305031108.9458 0.001078 -0.019755 0.001090 0.002095 0.009714 -0.008186 -0.999917
1305031108.9558 -0.001938 -0.015639 0.007111 0.003764 0.009650 -0.002788 -0.999942
1305031108.9758 -0.001741 -0.002131 -0.002769 0.000540 0.004497 -0.001146 -0.999989
1305031109.0157 0.001175 -0.003218 0.000893 0.001155 0.002647 -0.001757 -0.999994
1305031109.0458 0.001417 -0.002549 0.001114 0.001726 0.003059 -0.002038 -0.999992
1305031109.0757 -0.007177 -0.000098 -0.009056 0.010722 0.004597 -0.005358 -0.999918
1305031109.1157 0.001761 0.028489 -0.017389 0.006917 0.002574 -0.003993 -0.999965
1305031109.1457 -0.011195 0.027503 -0.012501 0.004828 0.000145 -0.002970 -0.999984
1305031109.1757 -0.001140 0.004144 -0.000282 0.004168 0.007098 -0.003327 -0.999961
1305031109.2157 0.008506 0.052034 -0.011265 0.007453 0.015271 -0.004143 -0.999847
1305031109.2457 -0.000647 0.023974 -0.003466 0.006221 0.002067 -0.001065 -0.999978
1305031109.2757 -0.000983 0.012516 -0.000113 0.006548 0.000243 -0.000659 -0.999978
1305031109.3157 0.001836 0.022353 -0.001450 0.008051 0.000173 -0.000340 -0.999968
1305031109.3457 -0.000460 0.035669 -0.002679 0.013051 0.008755 -0.003488 -0.999870
1305031109.3757 -0.006033 0.020798 -0.002284 0.008730 0.006294 -0.003305 -0.999937
1305031109.4158 -0.007641 0.029224 -0.006749 0.010394 0.001642 -0.004733 -0.999933
1305031109.4457 0.003399 0.024251 0.001127 0.016269 0.002160 -0.005022 -0.999853
1305031109.4758 0.002762 0.016805 -0.000712 0.008950 0.004151 -0.010109 -0.999900
1305031109.5158 0.003923 0.014130 -0.002653 0.000064 0.003583 -0.006722 -0.999971
1305031109.5458 -0.000059 0.007917 -0.006322 0.001048 0.007748 -0.003591 -0.999963
1305031109.5757 -0.001552 -0.004317 0.000293 0.002037 0.006408 -0.002123 -0.999975
1305031109.6158 -0.000306 0.000524 -0.001223 0.002808 0.002593 -0.001089 -0.999992
1305031109.6457 -0.000623 -0.015831 0.005270 0.005445 0.004269 -0.003725 -0.999969
1305031109.6757 -0.000490 -0.006958 0.002854 0.003651 0.003567 -0.001756 -0.999985
1305031109.7157 -0.001193 -0.004916 0.003368 0.001073 0.002797 -0.002131 -0.999993
1305031109.7457 -0.000949 0.001576 -0.000904 0.002827 0.000120 -0.000784 -0.999996
1305031109.7758 0.000073 -0.002907 0.002256 0.001522 0.000988 -0.001212 -0.999998
1305031109.8157 -0.000407 -0.003844 0.000953 0.002062 0.001975 -0.000155 -0.999996
1305031109.8457 -0.001731 0.000672 -0.001509 0.001526 0.000254 -0.002111 -0.999997
1305031109.8758 -0.001848 -0.001410 0.002743 0.001853 0.002368 -0.000852 -0.999995
1305031109.9158 0.001469 0.000227 0.001065 0.000899 0.000587 -0.000109 -0.999999
1305031109.9457 0.000690 -0.006539 0.004536 0.003607 0.000991 -0.002107 -0.999991
1305031109.9758 0.000652 -0.003014 0.001992 0.002508 0.001011 -0.003855 -0.999989
1305031110.0157 -0.001326 -0.002771 0.000667 0.000515 0.000356 -0.003448 -0.999994
1305031110.0457 -0.001958 -0.004752 -0.001056 0.000828 0.001881 -0.004680 -0.999987
