1305031453.3595 0.006438 0.030194 -0.049981 0.013284 0.037887 -0.048638 -0.998009
1305031453.3894 0.001916 0.011954 -0.029981 0.015158 0.008476 -0.015201 -0.999734
1305031453.4195 -0.029282 0.062962 -0.111394 0.046973 0.029068 -0.017014 -0.998328
1305031453.4595 -0.024631 0.012594 -0.025687 0.004222 0.018914 -0.012067 -0.999739
1305031453.4895 -0.010208 0.005440 -0.011273 0.000903 0.016838 -0.005718 -0.999841
1305031453.5195 -0.032819 0.004729 -0.021764 0.008309 0.065700 -0.027748 -0.997419
1305031453.5595 -0.010435 0.006463 -0.001879 0.001432 0.013072 -0.010887 -0.999854
1305031453.5899 -0.013280 -0.002288 0.001871 0.001562 0.012511 -0.012433 -0.999843
1305031453.6295 0.314724 -0.278919 0.287193 0.075883 0.127082 -0.025402 -0.988659
1305031453.6595 -0.024127 0.002670 0.004321 0.001714 0.021524 -0.026857 -0.999406
1305031453.6895 -0.023220 0.021739 0.003982 0.001577 0.036922 -0.058304 -0.997615
1305031453.7295 -0.017658 0.009880 -0.001594 0.013551 0.063131 -0.038879 -0.997156
1305031453.7595 0.007456 0.014208 0.005778 0.001664 0.026125 -0.001537 -0.999656
1305031453.7895 0.001806 0.017345 -0.004684 0.002964 0.005490 -0.016472 -0.999845
1305031453.8295 -0.032447 0.031820 -0.006891 0.014629 0.027782 -0.036462 -0.998842
1305031453.8595 -0.015790 0.012981 -0.000991 0.001097 0.004656 -0.005556 -0.999973
1305031453.8894 -0.039511 0.014612 -0.000869 0.000782 0.017746 -0.004874 -0.999830
1305031453.9295 -0.096449 0.009796 0.013383 0.031836 0.032495 -0.060829 -0.997111
1305031453.9597 -0.017691 -0.002903 0.001183 0.006974 0.007875 -0.011794 -0.999875
1305031453.9895 -0.075491 -0.017751 -0.000795 0.009210 0.016257 -0.048180 -0.998664
1305031454.0295 -0.107485 -0.029499 -0.020754 0.004024 0.019098 -0.023267 -0.999539
1305031454.0594 -0.038928 -0.016714 -0.015388 0.002536 0.011695 -0.000419 -0.999928
1305031454.0894 -0.029868 -0.013720 -0.013959 0.000956 0.005736 -0.001330 -0.999982
1305031454.1295 -0.094869 -0.052576 -0.025073 0.034223 0.036341 -0.019318 -0.998566
1305031454.1595 -0.015659 -0.021188 -0.001498 0.001613 0.014366 -0.003161 -0.999891
1305031454.1895 -0.040654 -0.028835 0.007814 0.005120 0.046887 -0.017766 -0.998729
1305031454.2295 -0.022083 -0.010415 0.009797 0.002834 0.026959 -0.009358 -0.999589
1305031454.2595 -0.043997 0.015751 0.012128 0.013032 0.023782 -0.012480 -0.999554
1305031454.2895 -0.022425 0.083443 0.106635 0.005583 0.023532 -0.050253 -0.998444
1305031454.3295 -0.143085 -0.006015 -0.069594 0.019759 0.085512 -0.061669 -0.994230
1305031454.3595 -0.029927 -0.010161 -0.023982 0.001112 0.006560 -0.008522 -0.999942
1305031454.3896 -0.057051 -0.009936 -0.050496 0.009983 0.016954 -0.015205 -0.999691
1305031454.4295 -0.107866 -0.066898 -0.076995 0.017090 0.034308 -0.008485 -0.999229
1305031454.4595 -0.034201 0.005274 -0.017900 0.021375 0.006360 -0.011153 -0.999689
1305031454.4895 -0.012210 -0.010438 -0.001866 0.004032 0.000263 -0.001756 -0.999990
1305031454.5295 -0.013885 -0.007368 -0.002410 0.008694 0.003237 -0.001999 -0.999955
1305031454.5595 -0.147451 -0.022049 0.036276 0.003898 0.023659 -0.008015 -0.999680
1305031454.5895 0.065322 -0.249921 0.006640 0.082820 0.058688 -0.074604 -0.992034
1305031454.6295 -0.041939 0.062845 0.046759 0.033262 0.015090 -0.009965 -0.999283
1305031454.6595 -0.029598 0.019039 0.037716 0.012647 0.016627 -0.006547 -0.999760
1305031454.6895 0.133156 -0.123336 -0.158936 0.046662 0.081371 -0.021999 -0.995348
1305031454.7295 0.002683 -0.013383 0.015499 0.002560 0.006726 -0.000884 -0.999974
1305031454.7595 -0.040303 -0.011311 0.032444 0.004075 0.024481 -0.012081 -0.999619
1305031454.7896 -0.078834 -0.010974 0.015585 0.025018 0.017224 -0.024327 -0.999243
1305031454.8295 -0.044148 0.011184 0.020877 0.018769 0.066476 -0.021672 -0.997376
1305031454.8595 -0.003617 0.022835 0.038464 0.000833 0.003717 -0.035342 -0.999368
1305031454.8895 -0.254876 0.083534 0.111681 0.053649 0.101688 -0.112574 -0.986969
1305031454.9295 -0.035480 0.017995 -0.006450 0.006279 0.034908 -0.038532 -0.998628
1305031454.9606 -0.108270 0.019669 -0.022132 0.003172 0.052303 -0.011063 -0.998565
1305031454.9894 -0.062303 0.004578 -0.008874 0.011421 0.001586 -0.003419 -0.999928
1305031455.0295 -0.143996 -0.016477 0.021163 0.015815 0.021726 -0.048112 -0.998480
1305031455.0595 -0.068549 -0.084800 -0.007993 0.003135 0.073056 -0.038188 -0.996592
1305031455.0895 -0.012918 -0.006812 0.001597 0.004525 0.016494 -0.008752 -0.999815
1305031455.1295 -0.193836 -0.064430 0.062351 0.018428 0.101872 -0.010527 -0.994571
1305031455.1596 -0.011694 -0.001157 0.002167 0.004428 0.000121 -0.000772 -0.999990
1305031455.1895 -0.166147 -0.061956 0.015456 0.000150 0.063403 -0.024443 -0.997689
1305031455.2295 -0.014799 -0.006677 0.015007 0.007834 0.009838 -0.006906 -0.999897
1305031455.2595 -0.001406 -0.007416 0.005570 0.000680 0.000250 -0.002001 -0.999998
1305031455.2894 0.022207 -0.018442 0.016726 0.002897 0.013227 -0.006665 -0.999886
1305031455.3294 0.003437 -0.002182 0.002150 0.000712 0.005769 -0.000597 -0.999983
1305031455.3596 0.262838 0.104218 0.190316 0.069337 0.104105 -0.049938 -0.990889
1305031455.3895 0.009306 0.001205 0.001170 0.011083 0.003372 -0.010053 -0.999882
1305031455.4294 0.168522 0.342229 0.052364 0.108674 0.062523 -0.053958 -0.990641
1305031455.4595 0.000581 0.007889 -0.000696 0.007100 0.004435 -0.008097 -0.999932
1305031455.4902 0.009289 0.011624 0.000970 0.001500 0.009893 -0.010977 -0.999890
1305031455.5295 0.019444 0.030243 -0.016141 0.006849 0.011468 -0.045517 -0.998874
1305031455.5594 0.026757 0.011820 -0.037410 0.017699 0.011952 -0.063944 -0.997725
1305031455.5894 0.030113 0.012954 -0.014636 0.003251 0.007900 -0.005813 -0.999947
1305031455.6294 0.016330 0.007529 -0.003902 0.007108 0.007840 -0.006033 -0.999926
1305031455.6594 0.075213 0.023918 -0.041328 0.028549 0.029583 -0.042469 -0.998252
1305031455.6895 0.014384 0.004554 -0.009315 0.001177 0.002918 -0.007289 -0.999968
1305031455.7295 0.047667 0.006819 -0.017190 0.010714 0.009776 -0.013910 -0.999798
1305031455.7594 0.104208 0.012633 -0.009570 0.014996 0.024454 -0.019366 -0.999401
1305031455.7895 0.071390 -0.013504 -0.015290 0.005191 0.002310 -0.001805 -0.999982
1305031455.8295 -0.017049 0.138472 0.057138 0.109271 0.028954 -0.001497 -0.993589
1305031455.8595 0.034059 -0.032363 -0.026420 0.001702 0.001102 -0.021457 -0.999768
1305031455.8894 0.017534 -0.004734 -0.010368 0.007997 0.000634 -0.007858 -0.999937
1305031455.9294 0.047405 -0.034022 -0.030780 0.007847 0.013207 -0.017900 -0.999722
1305031455.9595 0.038889 -0.031721 -0.038584 0.010358 0.004490 -0.026684 -0.999580
1305031455.9895 0.019345 -0.027125 -0.029767 0.019161 0.013944 -0.007114 -0.999694
1305031456.0295 0.013626 0.006674 -0.022387 0.018869 0.027798 -0.003329 -0.999430
1305031456.0595 0.058077 -0.023875 -0.017635 0.004002 0.050591 -0.013639 -0.998618
1305031456.0904 0.020591 0.000973 -0.008280 0.007303 0.008630 -0.007737 -0.999906
1305031456.1295 0.029306 -0.014542 -0.022282 0.005705 0.006610 -0.018091 -0.999798
1305031456.1594 0.038485 -0.011277 -0.027031 0.005331 0.007007 -0.012998 -0.999877
1305031456.1894 0.018735 -0.009699 -0.011408 0.001690 0.003899 -0.012142 -0.999917
1305031456.2294 0.023980 -0.027937 -0.013864 0.000464 0.001428 -0.010233 -0.999947
1305031456.2894 0.114933 -0.106674 0.106080 0.013319 0.005931 -0.039663 -0.999107
1305031456.3294 0.035330 0.017552 0.007202 0.026332 0.054789 -0.042558 -0.997243
1305031456.3894 0.045108 -0.039340 0.022114 0.001067 0.027638 -0.036851 -0.998938
1305031456.4295 0.019451 0.006353 0.008610 0.009194 0.005381 -0.017051 -0.999798
1305031456.4894 0.030099 0.097111 0.057945 0.008863 0.040112 -0.066414 -0.996946
1305031456.5294 0.025434 0.012327 0.040879 0.027388 0.030218 -0.016296 -0.999035
1305031456.5894 0.039430 0.043911 0.053624 0.022631 0.034297 -0.004155 -0.999147
1305031456.6294 0.054562 0.038277 0.035202 0.004756 0.051526 -0.038875 -0.997903
1305031456.6895 0.031673 0.015502 0.000917 0.004989 0.017056 -0.012239 -0.999767
1305031456.7294 0.048576 0.042256 -0.003759 0.006673 0.025010 -0.024705 -0.999360
1305031456.7895 0.076932 0.033636 -0.010444 0.011518 0.028806 -0.019452 -0.999329
1305031456.8294 0.069763 0.051058 -0.022716 0.019505 0.025289 -0.026041 -0.999151
1305031456.8894 0.071847 0.059098 -0.025241 0.025124 0.014205 -0.024341 -0.999287
1305031456.9294 0.153511 0.146426 -0.065344 0.061435 0.015085 -0.004732 -0.997986
1305031456.9594 0.023430 0.039240 -0.021403 0.004281 0.001836 -0.000612 -0.999989
1305031456.9894 0.015315 0.014996 -0.010857 0.005272 0.005089 -0.000999 -0.999973
1305031457.0295 0.020547 0.029408 -0.029230 0.011464 0.012309 -0.004151 -0.999850
1305031457.0894 0.064631 0.010492 -0.034736 0.015294 0.015966 -0.020103 -0.999553
1305031457.1295 0.008760 0.010497 -0.018469 0.000640 0.010723 -0.010848 -0.999883
1305031457.1894 0.019804 -0.006002 -0.029943 0.010450 0.011820 -0.010707 -0.999818
1305031457.2295 0.025587 0.024974 -0.031566 0.008823 0.008189 -0.008275 -0.999893
1305031457.2895 0.022368 0.007238 -0.008249 0.003796 0.006165 -0.000288 -0.999974
1305031457.3294 0.024778 0.002339 -0.008180 0.003024 0.000599 -0.000224 -0.999995
1305031457.3894 0.060101 0.013193 -0.020103 0.018149 0.002575 -0.008053 -0.999800
1305031457.4294 0.030966 0.024107 -0.022035 0.009265 0.002550 -0.013519 -0.999862
1305031457.4894 0.022372 0.002262 -0.002517 0.007743 0.005040 -0.008645 -0.999920
1305031457.5294 0.020879 -0.004588 -0.001794 0.000032 0.001316 -0.008289 -0.999965
1305031457.5595 0.069361 0.031468 -0.036288 0.010557 0.037327 -0.011199 -0.999185
1305031457.5894 0.042336 0.005955 -0.013327 0.002553 0.019674 -0.002713 -0.999800
1305031457.6294 0.014703 0.002348 -0.006898 0.000166 0.004739 -0.004160 -0.999980
1305031457.6594 0.030805 0.007843 -0.014039 0.002035 0.005766 -0.008138 -0.999948
1305031457.6896 0.089811 0.022506 -0.044655 0.009783 0.038939 -0.043881 -0.998230
1305031457.7294 0.036793 0.013086 -0.021951 0.007655 0.022962 -0.008230 -0.999673
1305031457.7595 0.038114 0.014016 -0.027444 0.007753 0.020458 -0.011541 -0.999694
1305031457.7894 0.025481 0.004700 -0.011293 0.000264 0.003745 -0.001197 -0.999992
1305031457.8294 0.106653 -0.027930 0.019124 0.026268 0.028978 -0.009500 -0.999190
1305031457.8594 0.013696 -0.002357 0.007751 0.008833 0.004070 -0.001599 -0.999951
1305031457.8894 0.089854 -0.022382 0.070616 0.023203 0.029152 -0.013819 -0.999210
1305031457.9295 0.069529 -0.017286 0.052844 0.002843 0.013808 -0.009466 -0.999856
1305031457.9894 0.078866 -0.054347 0.046686 0.007863 0.001547 -0.005010 -0.999955
1305031458.0294 0.039275 -0.038596 0.018193 0.005702 0.003797 -0.005296 -0.999963
1305031458.0594 0.033738 -0.052770 0.021654 0.008975 0.001018 -0.002372 -0.999956
1305031458.0894 0.017242 -0.097753 0.026091 0.003983 0.012265 -0.020232 -0.999712
1305031458.1294 0.004819 -0.011946 0.005434 0.005302 0.006144 -0.001811 -0.999965
1305031458.1594 0.010791 -0.034144 0.014652 0.003334 0.007586 -0.005585 -0.999950
1305031458.1894 0.015240 -0.032868 0.023657 0.000989 0.007630 -0.010254 -0.999918
1305031458.2294 -0.004107 -0.003512 0.004017 0.006480 0.006565 -0.004092 -0.999949
1305031458.2594 0.024677 -0.147191 0.050136 0.111398 0.008310 -0.003073 -0.993736
1305031458.2894 0.003967 -0.007498 0.013821 0.013871 0.005926 -0.005280 -0.999872
1305031458.3294 0.234024 0.091818 0.047968 0.007435 0.040732 -0.042706 -0.998229
1305031458.3602 -0.000342 0.008009 0.016169 0.007459 0.003142 -0.001914 -0.999965
1305031458.3894 -0.004169 0.009197 0.015094 0.008138 0.000047 -0.002000 -0.999965
1305031458.4294 -0.006909 0.006005 0.019041 0.005905 0.003688 -0.001495 -0.999975
1305031458.4594 -0.002991 0.006226 0.013958 0.005419 0.002078 -0.001981 -0.999981
1305031458.4894 -0.050313 0.048357 0.091483 0.030736 0.002653 -0.021335 -0.999296
1305031458.5294 -0.013066 0.009445 0.015114 0.001410 0.002470 -0.004053 -0.999988
1305031458.5594 0.357684 0.051314 -0.173757 0.021586 0.191206 -0.041748 -0.980424
1305031458.5894 -0.035976 0.009460 0.008947 0.005768 0.002867 -0.009879 -0.999930
1305031458.6294 -0.048716 0.007509 0.008727 0.002016 0.002848 -0.000938 -0.999993
1305031458.6607 -0.039723 0.000562 0.005385 0.003422 0.000523 -0.003956 -0.999986
1305031458.6894 -0.035977 0.001159 0.008648 0.005219 0.001728 -0.012828 -0.999903
1305031458.7294 -0.012053 -0.001591 0.004447 0.000038 0.000574 -0.001986 -0.999998
1305031458.7596 -0.019690 -0.001297 0.004093 0.003949 0.007519 -0.009968 -0.999914
1305031458.7895 -0.059139 -0.016754 0.002020 0.035841 0.001396 -0.018770 -0.999180
1305031458.8294 -0.026937 -0.010216 -0.005995 0.026915 0.011311 -0.011791 -0.999504
1305031458.8894 -0.016780 -0.002292 -0.004696 0.019638 0.002610 -0.018916 -0.999625
1305031458.9294 -0.014339 -0.005207 0.000637 0.000310 0.006160 -0.008836 -0.999942
1305031458.9594 -0.004823 -0.005070 0.000761 0.000063 0.001895 -0.004652 -0.999987
1305031458.9894 -0.002452 -0.000134 -0.002390 0.004723 0.003399 -0.003380 -0.999977
1305031459.0295 -0.026471 -0.003901 -0.005744 0.008128 0.022255 -0.020152 -0.999516
1305031459.0594 -0.004313 -0.002251 -0.001030 0.001473 0.000428 -0.004529 -0.999989
1305031459.1294 -0.006156 -0.000659 -0.004449 0.000410 0.001371 -0.006957 -0.999975
1305031459.1594 -0.006733 -0.002090 -0.005139 0.000734 0.009753 -0.004444 -0.999942
1305031459.1894 -0.007752 0.000413 -0.006301 0.003664 0.010908 -0.008561 -0.999897
1305031459.2294 -0.009904 0.009400 -0.007174 0.001298 0.020333 -0.027238 -0.999421
1305031459.2594 -0.002029 -0.000207 0.000766 0.004566 0.002936 -0.006750 -0.999962
1305031459.3294 -0.023449 0.007989 0.005701 0.023325 0.036465 -0.024174 -0.998770
1305031459.3594 -0.012008 0.011547 0.002507 0.000577 0.009422 -0.009430 -0.999911
1305031459.3894 -0.002335 -0.008385 0.002699 0.008663 0.000705 -0.001159 -0.999962
1305031459.4294 -0.003884 0.000241 -0.000224 0.003906 0.001257 -0.004796 -0.999980
1305031459.4594 -0.011989 -0.005448 -0.006609 0.017902 0.001344 -0.010859 -0.999780
1305031459.5294 0.002520 -0.010273 -0.001200 0.000400 0.001551 -0.000698 -0.999998
1305031459.5593 0.000739 -0.004635 -0.001628 0.004137 0.000937 -0.001653 -0.999990
1305031459.5894 0.002068 0.003478 -0.002407 0.007358 0.001907 -0.002977 -0.999967
1305031459.6294 0.002293 -0.002976 -0.000093 0.000419 0.001570 -0.001804 -0.999997
1305031459.6594 0.004143 -0.008400 0.000507 0.000912 0.002363 -0.002529 -0.999994
1305031459.6894 0.002214 -0.003683 -0.000176 0.001959 0.001237 -0.000286 -0.999997
1305031459.7294 0.003200 -0.005839 0.000495 0.003308 0.000984 -0.002911 -0.999990
1305031459.7894 -0.001148 -0.002178 0.001106 0.005602 0.002207 -0.001125 -0.999981
1305031459.8294 0.002601 -0.003024 0.002358 0.000584 0.003643 -0.003953 -0.999985
1305031459.8594 -0.000407 -0.000258 0.001745 0.000390 0.000208 -0.002185 -0.999998
1305031459.8894 0.000941 -0.000674 0.000693 0.000758 0.001926 -0.000091 -0.999998
