1305031102.1758 1.338330 0.626007 1.657911 0.612884 0.294863 -0.657439 -0.324351
1305031102.2159 1.329792 0.624870 1.646765 0.616276 0.293345 -0.657941 -0.318222
1305031102.2758 1.315845 0.626476 1.630262 0.619817 0.290099 -0.660806 -0.308229
1305031102.3158 1.306111 0.622408 1.617638 0.620203 0.288759 -0.662006 -0.306128
1305031102.3458 1.297861 0.625756 1.611371 0.620164 0.292012 -0.661928 -0.303277
1305031102.3758 1.291932 0.626121 1.603893 0.621653 0.291478 -0.661777 -0.301064
1305031102.4159 1.282512 0.625223 1.591710 0.624457 0.290475 -0.661798 -0.296144
1305031102.4458 1.275699 0.625580 1.585427 0.627834 0.287674 -0.663009 -0.288941
1305031102.4758 1.268812 0.625330 1.577462 0.630272 0.284966 -0.664010 -0.283974
1305031102.5159 1.257296 0.625621 1.566660 0.631854 0.280712 -0.664769 -0.282918
1305031102.5759 1.243312 0.624183 1.549674 0.632720 0.275238 -0.665362 -0.284961
1305031102.6159 1.233509 0.624604 1.540805 0.630421 0.277042 -0.665000 -0.289121
1305031102.6759 1.223479 0.622739 1.516585 0.628184 0.275897 -0.667970 -0.288239
1305031102.7159 1.211846 0.622386 1.507915 0.627506 0.278733 -0.667439 -0.288217
1305031102.7458 1.201237 0.625164 1.502571 0.628119 0.279359 -0.667870 -0.285262
1305031102.7758 1.193506 0.625364 1.493426 0.628782 0.275752 -0.668110 -0.286746
1305031102.8159 1.184402 0.626482 1.480547 0.628540 0.272095 -0.669365 -0.287841
1305031102.8458 1.177109 0.625284 1.471581 0.628475 0.269623 -0.669090 -0.290933
1305031102.8758 1.170571 0.624825 1.462147 0.629036 0.268012 -0.668034 -0.293623
1305031102.9159 1.162213 0.623861 1.451848 0.629244 0.266909 -0.667488 -0.295416
1305031102.9759 1.149986 0.622606 1.434374 0.633000 0.272356 -0.664228 -0.289714
1305031103.0159 1.142725 0.620682 1.423483 0.632937 0.276420 -0.664846 -0.284540
1305031103.0458 1.137073 0.621167 1.415291 0.633534 0.279731 -0.665169 -0.279169
1305031103.0758 1.131516 0.620978 1.407962 0.631528 0.281976 -0.666120 -0.279190
1305031103.1158 1.125616 0.621030 1.398281 0.631245 0.281410 -0.667155 -0.277925
1305031103.1459 1.120570 0.621086 1.390926 0.629628 0.281110 -0.668854 -0.277814
1305031103.1758 1.116575 0.620448 1.383762 0.629695 0.279670 -0.669156 -0.278387
1305031103.2458 1.107368 0.621898 1.367665 0.630149 0.272305 -0.676747 -0.266036
1305031103.2758 1.106337 0.621169 1.364336 0.633356 0.271309 -0.677768 -0.256677
1305031103.3158 1.101900 0.622200 1.359100 0.636001 0.276500 -0.676201 -0.248600
1305031103.3459 1.101450 0.622560 1.358198 0.635679 0.275859 -0.677384 -0.246909
1305031103.3759 1.102001 0.623015 1.357754 0.635069 0.273084 -0.679521 -0.245693
1305031103.4158 1.101038 0.623717 1.361239 0.634485 0.274613 -0.679501 -0.245550
1305031103.4458 1.102620 0.623893 1.364737 0.636476 0.274865 -0.678775 -0.242098
1305031103.4759 1.104820 0.624189 1.370456 0.638099 0.276897 -0.676431 -0.242074
1305031103.5160 1.109304 0.623173 1.378576 0.639734 0.278396 -0.673268 -0.244838
1305031103.5458 1.113230 0.622826 1.385811 0.639493 0.281706 -0.670958 -0.248003
1305031103.5759 1.116905 0.622965 1.393644 0.638472 0.285789 -0.669642 -0.249516
1305031103.6159 1.123208 0.622397 1.405371 0.638224 0.290036 -0.668795 -0.247511
1305031103.6458 1.128400 0.622300 1.415100 0.638401 0.293900 -0.667201 -0.246800
1305031103.6758 1.133650 0.623288 1.424631 0.637947 0.296504 -0.666388 -0.247054
1305031103.7158 1.141941 0.622701 1.438118 0.637878 0.298356 -0.665314 -0.247895
1305031103.7458 1.147826 0.624105 1.448004 0.637616 0.298662 -0.664470 -0.250452
1305031103.7758 1.153437 0.623794 1.459482 0.639108 0.299745 -0.661645 -0.252823
1305031103.8159 1.162901 0.623604 1.473851 0.642632 0.294569 -0.660805 -0.252170
1305031103.8458 1.170733 0.622841 1.483483 0.645925 0.292314 -0.659668 -0.249341
1305031103.8758 1.177640 0.623632 1.494060 0.648752 0.291904 -0.658372 -0.245883
1305031103.9158 1.187920 0.622383 1.509315 0.649763 0.297033 -0.654610 -0.247114
1305031103.9458 1.195671 0.622875 1.521799 0.650393 0.299807 -0.653002 -0.246360
1305031103.9758 1.203245 0.623297 1.531838 0.651937 0.298007 -0.652647 -0.245400
1305031104.0158 1.213800 0.623900 1.547100 0.650476 0.300889 -0.650576 -0.251191
1305031104.0458 1.221400 0.624800 1.558400 0.649786 0.300693 -0.649286 -0.256494
1305031104.0759 1.228860 0.627033 1.568777 0.649709 0.298135 -0.648974 -0.260437
1305031104.1158 1.238939 0.626905 1.582959 0.647181 0.296011 -0.648916 -0.269151
1305031104.1458 1.246210 0.627639 1.592358 0.645436 0.296742 -0.647592 -0.275647
1305031104.1758 1.253822 0.628461 1.602719 0.644733 0.296678 -0.647197 -0.278274
1305031104.2159 1.263682 0.628937 1.615913 0.642139 0.296246 -0.647554 -0.283848
1305031104.2458 1.270516 0.627842 1.624948 0.640243 0.297958 -0.646353 -0.289029
1305031104.2759 1.277470 0.628656 1.634133 0.639062 0.298660 -0.645783 -0.292176
1305031104.3158 1.284925 0.629568 1.645311 0.637016 0.297118 -0.646377 -0.296864
1305031104.3460 1.292503 0.627349 1.651499 0.635558 0.294665 -0.646752 -0.301579
1305031104.3758 1.299000 0.628000 1.659600 0.632891 0.295496 -0.647291 -0.305196
1305031104.4158 1.308711 0.624290 1.667660 0.632098 0.292140 -0.648044 -0.308457
1305031104.4458 1.314852 0.626889 1.673433 0.630877 0.293235 -0.649016 -0.307873
1305031104.4758 1.318892 0.623984 1.680149 0.631473 0.293665 -0.648621 -0.307073
1305031104.5158 1.329071 0.624522 1.688272 0.629890 0.299024 -0.648065 -0.306325
1305031104.5458 1.335210 0.621508 1.694510 0.629164 0.300200 -0.647228 -0.308429
1305031104.5758 1.341597 0.621386 1.699912 0.626055 0.303794 -0.646045 -0.313673
1305031104.6159 1.350703 0.621628 1.710737 0.620247 0.305949 -0.645260 -0.324542
1305031104.6458 1.358378 0.621525 1.717341 0.615776 0.305751 -0.644745 -0.334128
1305031104.6759 1.365402 0.621577 1.724310 0.609422 0.308157 -0.643725 -0.345343
1305031104.7158 1.374175 0.622692 1.732569 0.600005 0.313288 -0.642119 -0.359900
1305031104.7458 1.380726 0.623932 1.738270 0.593550 0.316092 -0.641054 -0.369910
1305031104.7758 1.386600 0.625500 1.742900 0.587319 0.318510 -0.640220 -0.379112
1305031104.8158 1.392472 0.628939 1.748178 0.578812 0.321154 -0.640390 -0.389534
1305031104.8458 1.415900 0.627238 1.731042 0.572549 0.314632 -0.641061 -0.402785
1305031104.8758 1.398700 0.632100 1.752100 0.569975 0.324386 -0.640871 -0.398982
1305031104.9158 1.400968 0.634107 1.750403 0.567467 0.325985 -0.641674 -0.399962
1305031104.9458 1.398358 0.635810 1.750945 0.567015 0.327262 -0.641195 -0.400327
1305031104.9759 1.397849 0.634884 1.746574 0.567888 0.326012 -0.642304 -0.398327
1305031105.0158 1.391484 0.637163 1.742401 0.570280 0.324152 -0.644282 -0.393201
1305031105.0458 1.385681 0.637737 1.736714 0.573482 0.321490 -0.644961 -0.389601
1305031105.0758 1.378600 0.636900 1.730565 0.576747 0.316377 -0.647060 -0.385463
1305031105.1158 1.369109 0.636465 1.721427 0.580141 0.314003 -0.647415 -0.381697
1305031105.1458 1.358745 0.633542 1.711946 0.585220 0.310757 -0.647353 -0.376671
1305031105.1758 1.352096 0.632267 1.703691 0.592582 0.303485 -0.649800 -0.366747
1305031105.2159 1.339298 0.630644 1.691561 0.597850 0.301638 -0.649593 -0.360026
1305031105.2458 1.329888 0.628011 1.680440 0.602516 0.300793 -0.649477 -0.353097
1305031105.2758 1.341007 0.611340 1.656151 0.608908 0.292894 -0.654206 -0.339791
1305031105.3158 1.308646 0.623366 1.659885 0.616371 0.296412 -0.651544 -0.328202
1305031105.3458 1.300329 0.621686 1.651250 0.619890 0.295836 -0.652393 -0.320315
1305031105.3758 1.269775 0.621679 1.659385 0.623821 0.301107 -0.649699 -0.313167
1305031105.4158 1.279700 0.618200 1.630400 0.625800 0.296200 -0.651900 -0.309300
1305031105.4458 1.271210 0.617341 1.621598 0.628399 0.294719 -0.652567 -0.303992
1305031105.4761 1.262564 0.616607 1.613077 0.630214 0.294661 -0.652636 -0.300119
1305031105.5158 1.251854 0.615728 1.601589 0.633243 0.292064 -0.653942 -0.293362
1305031105.5459 1.242240 0.615871 1.593283 0.632941 0.291150 -0.655480 -0.291485
1305031105.5758 1.234047 0.615973 1.584030 0.634761 0.289277 -0.655919 -0.288389
1305031105.6158 1.222671 0.616007 1.569599 0.633832 0.287685 -0.658233 -0.286748
1305031105.6458 1.212560 0.616662 1.562409 0.632562 0.290778 -0.658546 -0.285711
1305031105.7158 1.191667 0.621230 1.540520 0.630580 0.289317 -0.660209 -0.287729
1305031105.7459 1.183644 0.619797 1.528570 0.629255 0.286207 -0.661634 -0.290456
1305031105.7758 1.173689 0.628251 1.520405 0.627918 0.285712 -0.662293 -0.292328
1305031105.8158 1.162502 0.627466 1.508738 0.625258 0.284308 -0.663334 -0.297001
1305031105.8458 1.154790 0.627875 1.495635 0.622396 0.282432 -0.665081 -0.300869
1305031105.8758 1.147323 0.629545 1.486654 0.619724 0.280554 -0.667662 -0.302423
1305031105.9159 1.137821 0.632497 1.473210 0.616750 0.276732 -0.672949 -0.300296
1305031105.9458 1.130479 0.633735 1.463015 0.615813 0.274025 -0.675119 -0.299832
1305031105.9758 1.124290 0.635595 1.451740 0.615164 0.271114 -0.677974 -0.297358
1305031106.0158 1.116053 0.636470 1.438922 0.615053 0.266523 -0.680985 -0.294846
1305031106.0458 1.111122 0.636950 1.428972 0.614651 0.263901 -0.682869 -0.293685
1305031106.0758 1.105210 0.637016 1.418246 0.614160 0.261914 -0.685304 -0.290804
1305031106.1158 1.097748 0.636885 1.406760 0.615926 0.259199 -0.686956 -0.285558
1305031106.1458 1.092658 0.636709 1.398318 0.615678 0.257958 -0.689321 -0.281485
1305031106.1758 1.088980 0.635960 1.390104 0.616001 0.255843 -0.691430 -0.277510
1305031106.2158 1.083560 0.633957 1.381327 0.616756 0.255832 -0.691705 -0.275148
1305031106.2458 1.080032 0.633775 1.373817 0.614738 0.257019 -0.694058 -0.272621
1305031106.2758 1.077002 0.633830 1.367201 0.615744 0.258640 -0.693229 -0.270921
1305031106.3158 1.073496 0.632732 1.359889 0.614353 0.257895 -0.696696 -0.265848
1305031106.3458 1.071594 0.632449 1.356362 0.618062 0.254075 -0.696832 -0.260519
1305031106.3758 1.069332 0.633111 1.357238 0.625374 0.247327 -0.694107 -0.256813
1305031106.4158 1.072190 0.632175 1.353151 0.626045 0.236717 -0.695085 -0.262469
1305031106.4458 1.073131 0.631096 1.356586 0.627757 0.235921 -0.692612 -0.265616
1305031106.4758 1.076897 0.632052 1.353320 0.625518 0.235841 -0.694964 -0.264822
1305031106.5159 1.080209 0.630295 1.368011 0.630223 0.242356 -0.688495 -0.264682
1305031106.5458 1.084667 0.629847 1.375014 0.631162 0.245861 -0.686303 -0.264907
1305031106.5758 1.088812 0.629178 1.383007 0.631295 0.247959 -0.685138 -0.265650
1305031106.6158 1.097406 0.627054 1.395452 0.635903 0.248300 -0.681749 -0.263043
1305031106.6458 1.103281 0.627058 1.404066 0.636285 0.250337 -0.680286 -0.263976
1305031106.6758 1.110599 0.625592 1.413940 0.637668 0.253175 -0.678453 -0.262646
1305031106.7158 1.121098 0.624133 1.427778 0.640778 0.257268 -0.676022 -0.257313
1305031106.7458 1.128584 0.623726 1.438307 0.641699 0.262488 -0.674161 -0.254616
1305031106.7758 1.140748 0.624417 1.440263 0.639282 0.266145 -0.675587 -0.253116
1305031106.8158 1.149086 0.622265 1.464780 0.645359 0.267155 -0.671340 -0.247876
1305031106.8458 1.158515 0.622175 1.475840 0.646686 0.270444 -0.668552 -0.248386
1305031106.8760 1.168000 0.620700 1.488400 0.647178 0.274391 -0.664577 -0.253391
1305031106.9158 1.181845 0.619354 1.504139 0.649887 0.272515 -0.661749 -0.255872
1305031106.9458 1.190239 0.618194 1.517358 0.650916 0.272646 -0.658797 -0.260691
1305031106.9758 1.201200 0.617300 1.530600 0.650927 0.273811 -0.655927 -0.266611
1305031107.0158 1.213935 0.616153 1.547084 0.651885 0.271668 -0.653827 -0.271575
1305031107.0458 1.223576 0.614501 1.559139 0.652800 0.269438 -0.653193 -0.273120
1305031107.0759 1.232381 0.614778 1.570876 0.651810 0.272475 -0.651264 -0.277050
1305031107.1158 1.246437 0.610022 1.576701 0.649327 0.272820 -0.651479 -0.281990
1305031107.1458 1.254188 0.613897 1.595537 0.650412 0.274848 -0.650229 -0.280402
1305031107.1758 1.261085 0.613400 1.606024 0.650356 0.275444 -0.648722 -0.283420
1305031107.2158 1.272100 0.613800 1.619700 0.647798 0.277199 -0.646998 -0.291399
1305031107.2458 1.279226 0.614188 1.628141 0.645049 0.279178 -0.646108 -0.297515
1305031107.2758 1.287200 0.614500 1.637900 0.642419 0.279908 -0.645719 -0.303309
1305031107.3158 1.296700 0.615500 1.649600 0.640124 0.282710 -0.642624 -0.312012
1305031107.3458 1.302900 0.616700 1.657900 0.634886 0.287794 -0.640686 -0.321893
1305031107.3758 1.308446 0.618726 1.664228 0.631705 0.287059 -0.641019 -0.328087
1305031107.4158 1.314200 0.621200 1.672500 0.628699 0.287599 -0.639999 -0.335299
1305031107.4458 1.316118 0.624633 1.676823 0.626774 0.288878 -0.638817 -0.340024
1305031107.4758 1.317400 0.627300 1.679600 0.623617 0.288608 -0.640217 -0.343409
1305031107.5158 1.318177 0.630890 1.680807 0.622402 0.286914 -0.641137 -0.345310
1305031107.5457 1.320000 0.635834 1.682507 0.621652 0.284001 -0.644594 -0.342624
1305031107.5758 1.318900 0.638900 1.682100 0.618491 0.283796 -0.646990 -0.343995
1305031107.6158 1.318127 0.639967 1.680032 0.618345 0.283735 -0.647453 -0.343437
1305031107.6458 1.318262 0.642037 1.677231 0.617922 0.281341 -0.649502 -0.342296
1305031107.6758 1.317939 0.642655 1.674466 0.617605 0.281583 -0.649601 -0.342481
1305031107.7157 1.319068 0.642961 1.670501 0.617585 0.281760 -0.650710 -0.340258
1305031107.7458 1.316382 0.643551 1.669459 0.619346 0.281120 -0.651386 -0.336271
1305031107.7758 1.315396 0.642361 1.665132 0.621414 0.280994 -0.650095 -0.335059
1305031107.8158 1.317960 0.640769 1.661712 0.622373 0.279727 -0.651346 -0.331893
1305031107.8459 1.315400 0.643400 1.660800 0.623798 0.278199 -0.651498 -0.330199
1305031107.8757 1.316741 0.653266 1.652178 0.624337 0.276224 -0.651589 -0.330659
1305031107.9158 1.313583 0.648113 1.655835 0.624699 0.271879 -0.650305 -0.336061
1305031107.9458 1.312900 0.651500 1.655500 0.622901 0.273601 -0.649101 -0.340301
1305031107.9758 1.311495 0.657181 1.653612 0.621311 0.271695 -0.649045 -0.344811
1305031108.0159 1.309700 0.667000 1.652000 0.619203 0.270001 -0.648503 -0.350901
1305031108.0458 1.312189 0.688432 1.636289 0.613978 0.268330 -0.649827 -0.358826
1305031108.0758 1.312169 0.686938 1.646537 0.611958 0.259731 -0.654079 -0.360872
1305031108.1158 1.303700 0.701100 1.646400 0.606232 0.262614 -0.656234 -0.364519
1305031108.1459 1.314206 0.716242 1.623731 0.601443 0.259884 -0.657848 -0.371433
1305031108.1758 1.299302 0.724193 1.642194 0.601927 0.260600 -0.660317 -0.365724
1305031108.2158 1.297220 0.740382 1.638368 0.604542 0.255967 -0.660912 -0.363599
1305031108.2458 1.301043 0.756805 1.633481 0.604489 0.251871 -0.661735 -0.365048
1305031108.2758 1.292154 0.765407 1.630067 0.602460 0.251139 -0.662715 -0.367124
1305031108.3157 1.293649 0.776877 1.630972 0.604219 0.248476 -0.664673 -0.362475
1305031108.3458 1.293693 0.787669 1.627678 0.604086 0.247710 -0.667689 -0.357647
1305031108.3758 1.292998 0.798350 1.624821 0.603107 0.249285 -0.671146 -0.351683
1305031108.4157 1.292895 0.813712 1.621420 0.600501 0.251053 -0.677001 -0.343571
1305031108.4459 1.293100 0.824900 1.618800 0.598017 0.250407 -0.682119 -0.338210
1305031108.4758 1.296191 0.834997 1.614377 0.593813 0.252272 -0.685398 -0.337601
1305031108.5158 1.295708 0.853841 1.612499 0.588412 0.251782 -0.688513 -0.341066
1305031108.5458 1.295269 0.861246 1.613038 0.587071 0.248172 -0.687767 -0.347470
1305031108.5759 1.295100 0.874100 1.612100 0.585898 0.246899 -0.688197 -0.349499
1305031108.6157 1.295100 0.889700 1.609900 0.581600 0.243600 -0.690200 -0.355000
1305031108.6457 1.300967 0.901267 1.604033 0.579400 0.240115 -0.692549 -0.356393
1305031108.6757 1.290649 0.918652 1.600992 0.580805 0.235557 -0.694170 -0.353986
1305031108.7158 1.299439 0.932015 1.601202 0.570873 0.230088 -0.703414 -0.355489
1305031108.7458 1.300082 0.943057 1.598561 0.570564 0.228875 -0.703014 -0.357553
1305031108.7758 1.297762 0.944138 1.603575 0.567943 0.226436 -0.705762 -0.357864
1305031108.8159 1.299800 0.953300 1.603700 0.563509 0.225904 -0.710312 -0.356206
1305031108.8257 1.286826 0.937653 1.616079 0.567950 0.224395 -0.706556 -0.357573
1305031108.8357 1.300400 0.957100 1.604100 0.561414 0.228406 -0.711518 -0.355509
1305031108.9458 1.308720 0.943243 1.622251 0.557141 0.246735 -0.707320 -0.358349
1305031108.9558 1.305434 0.960125 1.611958 0.554822 0.250614 -0.710698 -0.352524
1305031108.9758 1.307800 0.957700 1.611700 0.556870 0.252586 -0.709061 -0.351181
1305031109.0157 1.309300 0.951600 1.613500 0.559115 0.253007 -0.708019 -0.349409
1305031109.0458 1.309660 0.945849 1.614905 0.561246 0.254526 -0.705284 -0.350419
1305031109.0757 1.309900 0.938000 1.614900 0.565804 0.253102 -0.702605 -0.349502
1305031109.1157 1.306178 0.925411 1.621308 0.570837 0.251402 -0.701120 -0.345504
1305031109.1457 1.310794 0.916011 1.616024 0.572972 0.251044 -0.699683 -0.345143
1305031109.1757 1.307174 0.880128 1.624406 0.578672 0.253518 -0.693852 -0.345595
1305031109.2157 1.310600 0.891800 1.614300 0.577498 0.253399 -0.700997 -0.332999
1305031109.2457 1.309696 0.878143 1.617995 0.577604 0.252720 -0.704862 -0.325077
1305031109.2757 1.321934 0.812204 1.641744 0.580427 0.250279 -0.699913 -0.332547
1305031109.3157 1.259861 0.700219 1.730566 0.608433 0.247585 -0.682883 -0.319660
1305031109.3457 1.280246 0.768012 1.678431 0.599513 0.264946 -0.687601 -0.312398
1305031109.3757 1.308595 0.822491 1.614075 0.586123 0.272928 -0.699194 -0.305120
1305031109.4158 1.308373 0.800955 1.615747 0.593768 0.275043 -0.692933 -0.302713
1305031109.4457 1.309907 0.793068 1.613855 0.597868 0.273555 -0.691490 -0.299272
1305031109.4758 1.309085 0.783408 1.613565 0.599397 0.273614 -0.691220 -0.296771
1305031109.5158 1.310912 0.762832 1.615375 0.604419 0.272886 -0.685789 -0.299842
1305031109.5458 1.312225 0.750887 1.616351 0.604755 0.274711 -0.684247 -0.301016
1305031109.5757 1.312660 0.738372 1.617947 0.605525 0.274632 -0.683640 -0.300921
1305031109.6158 1.314294 0.720674 1.618861 0.608007 0.275495 -0.681344 -0.300335
1305031109.6457 1.316105 0.706961 1.616894 0.607567 0.273793 -0.682508 -0.300139
1305031109.6757 1.315532 0.691103 1.620616 0.608454 0.274222 -0.682531 -0.297887
1305031109.7157 1.314835 0.681674 1.617428 0.611241 0.274298 -0.682997 -0.290964
1305031109.7457 1.316045 0.663870 1.614685 0.612664 0.272826 -0.683230 -0.288800
1305031109.7758 1.316893 0.651164 1.611715 0.613106 0.271405 -0.683933 -0.287535
1305031109.8157 1.311992 0.641197 1.613578 0.616086 0.271165 -0.683215 -0.283064
1305031109.8457 1.311429 0.626648 1.610936 0.617558 0.270403 -0.683314 -0.280333
1305031109.8758 1.316399 0.614720 1.581474 0.613055 0.266414 -0.689914 -0.277861
1305031109.9158 1.311839 0.586510 1.611364 0.627612 0.270317 -0.675202 -0.277728
1305031109.9457 1.304566 0.587464 1.603299 0.630562 0.269587 -0.675438 -0.271107
1305031109.9758 1.296647 0.574325 1.607411 0.636188 0.269332 -0.671495 -0.267993
1305031110.0157 1.302171 0.556690 1.594597 0.640741 0.264098 -0.668901 -0.268840
1305031110.0457 1.298116 0.541319 1.587128 0.643890 0.259650 -0.667493 -0.269147
1305031110.0757 1.294149 0.532782 1.593078 0.649470 0.259699 -0.661771 -0.269821
1305031110.1157 1.291970 0.517878 1.590077 0.655886 0.256227 -0.657877 -0.267132
1305031110.1458 1.290658 0.505900 1.588536 0.657833 0.258043 -0.655747 -0.265829
1305031110.1757 1.289668 0.494821 1.586958 0.659863 0.258409 -0.654581 -0.263305
1305031110.2158 1.291039 0.476265 1.591796 0.663736 0.257904 -0.652395 -0.259463
1305031110.2457 1.295843 0.460965 1.595583 0.664802 0.259715 -0.650830 -0.258858
1305031110.2757 1.294412 0.455559 1.585962 0.663680 0.262757 -0.650481 -0.259542
1305031110.3157 1.286051 0.450931 1.583158 0.665848 0.268807 -0.646599 -0.257488
1305031110.3457 1.286535 0.440061 1.583653 0.667741 0.271522 -0.644493 -0.255003
1305031110.3757 1.286963 0.428000 1.583777 0.670944 0.274861 -0.639971 -0.254405
1305031110.4157 1.286501 0.414193 1.581870 0.675656 0.276366 -0.636760 -0.248291
1305031110.4457 1.286267 0.403272 1.580569 0.680216 0.276941 -0.633024 -0.244726
1305031110.4757 1.285967 0.392975 1.579494 0.685657 0.279436 -0.626863 -0.242554
1305031110.5157 1.286265 0.377858 1.578949 0.690030 0.282604 -0.622401 -0.237929
1305031110.5457 1.286662 0.367679 1.576942 0.693851 0.283003 -0.619890 -0.232846
1305031110.5757 1.286200 0.357600 1.575200 0.699056 0.281482 -0.616161 -0.228986
1305031110.6157 1.286433 0.344541 1.576092 0.702774 0.280769 -0.613016 -0.226910
1305031110.6457 1.284765 0.336927 1.574415 0.703856 0.283239 -0.610269 -0.227893
1305031110.6757 1.287842 0.326079 1.573092 0.705690 0.281021 -0.609956 -0.225794
1305031110.7157 1.285977 0.320023 1.573799 0.708789 0.279267 -0.608272 -0.222785
1305031110.7457 1.286792 0.314582 1.573364 0.709100 0.281199 -0.606805 -0.223364
1305031110.7758 1.285927 0.312677 1.572392 0.709404 0.281037 -0.607034 -0.221976
1305031110.8157 1.286400 0.308800 1.571800 0.711663 0.279985 -0.604868 -0.221988
1305031110.8457 1.287684 0.304218 1.573516 0.712911 0.281072 -0.603463 -0.220428
1305031110.8757 1.281504 0.311295 1.570431 0.712619 0.282859 -0.604131 -0.217236
1305031110.9158 1.286697 0.309271 1.570773 0.714856 0.280638 -0.602946 -0.216055
1305031110.9457 1.286553 0.312321 1.568962 0.713976 0.283331 -0.602470 -0.216777
1305031110.9757 1.285582 0.318311 1.568112 0.713263 0.282094 -0.603641 -0.217477
1305031111.0157 1.283665 0.328125 1.564155 0.710670 0.278065 -0.607179 -0.221275
1305031111.0458 1.286265 0.330315 1.566213 0.708962 0.275669 -0.609518 -0.223312
1305031111.0757 1.288130 0.338230 1.565643 0.708192 0.273990 -0.611557 -0.222240
1305031111.1157 1.287662 0.349306 1.566748 0.704774 0.273989 -0.615139 -0.223220
1305031111.1457 1.285736 0.366133 1.562771 0.702870 0.275965 -0.615230 -0.226515
1305031111.1757 1.277401 0.401234 1.544575 0.696051 0.278224 -0.621801 -0.226865
1305031111.2157 1.288421 0.380276 1.567793 0.696979 0.268638 -0.621743 -0.235563
1305031111.2458 1.288649 0.390499 1.568364 0.696976 0.270628 -0.620170 -0.237433
1305031111.2757 1.287873 0.405001 1.564767 0.691983 0.272837 -0.623201 -0.241538
1305031111.3157 1.288346 0.414956 1.568850 0.690769 0.272094 -0.624666 -0.242065
1305031111.3457 1.288151 0.426580 1.569850 0.692871 0.273170 -0.623940 -0.236659
1305031111.3757 1.288179 0.438599 1.570110 0.688753 0.277568 -0.626419 -0.237011
1305031111.4157 1.287800 0.452700 1.571500 0.691479 0.281191 -0.621981 -0.236493
1305031111.4457 1.286874 0.466554 1.565971 0.691934 0.280862 -0.621681 -0.236341
1305031111.4760 1.292289 0.473339 1.545722 0.691401 0.267599 -0.623362 -0.248548
1305031111.5157 1.285928 0.499963 1.571280 0.685941 0.273131 -0.625964 -0.251106
1305031111.5458 1.287721 0.508959 1.575183 0.681416 0.273215 -0.628287 -0.257451
1305031111.5758 1.287723 0.522819 1.576244 0.675347 0.270833 -0.634291 -0.261210
1305031111.6157 1.287712 0.540219 1.578012 0.671956 0.271913 -0.638429 -0.258741
1305031111.6457 1.287946 0.554409 1.578437 0.664418 0.276911 -0.643438 -0.260491
1305031111.6757 1.288118 0.568475 1.578774 0.657564 0.274912 -0.649923 -0.263881
1305031111.7157 1.288153 0.587351 1.578760 0.654161 0.270151 -0.653020 -0.269549
1305031111.7457 1.333269 0.638614 1.504510 0.638322 0.258687 -0.665600 -0.287408
1305031111.7757 1.318893 0.669882 1.520895 0.635548 0.254014 -0.669369 -0.288967
1305031111.8157 1.293400 0.671150 1.533294 0.626192 0.253948 -0.672332 -0.302264
1305031111.8458 1.292146 0.657949 1.571277 0.628709 0.250035 -0.670461 -0.304450
1305031111.8757 1.288900 0.657900 1.580200 0.626095 0.246398 -0.673995 -0.304998
1305031111.9157 1.288346 0.674007 1.580720 0.621342 0.253648 -0.675635 -0.305146
1305031111.9457 1.288982 0.686469 1.579929 0.616793 0.258571 -0.679911 -0.300712
1305031111.9758 1.295205 0.733086 1.547213 0.604909 0.264493 -0.687390 -0.302695
1305031112.0157 1.301990 0.724763 1.566587 0.607608 0.251202 -0.686526 -0.310472
1305031112.0458 1.293121 0.742061 1.571250 0.605660 0.251237 -0.685843 -0.315715
1305031112.0757 1.290700 0.740100 1.582500 0.602204 0.244902 -0.687405 -0.323802
1305031112.1157 1.307372 0.780071 1.562247 0.599518 0.239610 -0.688560 -0.330227
1305031112.1457 1.291036 0.769124 1.583068 0.605209 0.233013 -0.683296 -0.335459
1305031112.1757 1.286608 0.762608 1.597847 0.621442 0.209993 -0.674021 -0.339719
1305031112.2158 1.305750 0.810261 1.570551 0.603150 0.211361 -0.683653 -0.352358
1305031112.2457 1.290300 0.812500 1.587100 0.602099 0.213500 -0.680399 -0.359099
1305031112.2757 1.290100 0.825700 1.588900 0.602309 0.213103 -0.677510 -0.364405
1305031112.3157 1.289811 0.842561 1.591771 0.600736 0.215965 -0.674963 -0.370001
1305031112.3458 1.289539 0.854704 1.594299 0.598202 0.222047 -0.673619 -0.372943
1305031112.3757 1.290068 0.866161 1.594491 0.595930 0.225240 -0.675680 -0.370932
1305031112.4157 1.290261 0.881493 1.597152 0.592390 0.230030 -0.678090 -0.369261
1305031112.4457 1.291300 0.891800 1.596900 0.587991 0.233897 -0.680790 -0.368895
1305031112.4757 1.291900 0.902000 1.597600 0.582569 0.239687 -0.684463 -0.366980
1305031112.5157 1.293100 0.914100 1.598300 0.577886 0.246894 -0.687883 -0.363191
1305031112.5459 1.293600 0.922800 1.598700 0.575789 0.251895 -0.687986 -0.362893
1305031112.5757 1.294725 0.930272 1.598985 0.572714 0.255743 -0.690585 -0.360120
1305031112.6157 1.302998 0.943216 1.592932 0.565534 0.254563 -0.697558 -0.358862
1305031112.6458 1.296955 0.949874 1.597949 0.561032 0.251117 -0.703278 -0.357188
1305031112.6758 1.296992 0.955417 1.597214 0.559047 0.247740 -0.705454 -0.358366
1305031112.7157 1.298000 0.961300 1.595100 0.557292 0.243096 -0.708589 -0.358095
1305031112.7457 1.302520 0.959922 1.589572 0.557098 0.238955 -0.711038 -0.356323
1305031112.7757 1.297900 0.964800 1.590300 0.556993 0.234697 -0.714291 -0.352796
1305031112.8157 1.297345 0.961632 1.587508 0.558744 0.236164 -0.712772 -0.352118
1305031112.8457 1.298500 0.959700 1.585800 0.562504 0.235602 -0.712705 -0.346602
1305031112.8757 1.297927 0.956282 1.584272 0.560723 0.237624 -0.714637 -0.344120
1305031112.9157 1.282751 0.941106 1.594694 0.564010 0.241787 -0.713500 -0.338157
1305031112.9457 1.293081 0.927585 1.595708 0.567640 0.240055 -0.713242 -0.333832
1305031112.9757 1.298574 0.937709 1.582947 0.567441 0.243016 -0.712690 -0.333206
1305031113.0157 1.297789 0.927056 1.583786 0.568796 0.246660 -0.711585 -0.330571
1305031113.0458 1.298200 0.918100 1.584500 0.572107 0.243203 -0.711308 -0.328004
1305031113.0757 1.292148 0.900534 1.588616 0.576207 0.243595 -0.707005 -0.329835
1305031113.1157 1.297133 0.893978 1.588491 0.580788 0.248334 -0.702122 -0.328695
1305031113.1457 1.293403 0.892012 1.593164 0.582408 0.249556 -0.703298 -0.322327
1305031113.1757 1.289290 0.829852 1.630289 0.590302 0.239871 -0.698977 -0.324709
1305031113.2159 1.296460 0.854914 1.594775 0.583958 0.252105 -0.702558 -0.319137
1305031113.2457 1.278903 0.803732 1.632497 0.590909 0.256509 -0.697952 -0.312880
1305031113.2757 1.298993 0.823162 1.602424 0.586293 0.256812 -0.702238 -0.311722
1305031113.3157 1.306450 0.742178 1.639795 0.588103 0.260827 -0.695009 -0.321041
1305031113.3457 1.283171 0.784364 1.606703 0.588798 0.275546 -0.695403 -0.306277
1305031113.3757 1.282892 0.764262 1.612853 0.594125 0.277886 -0.692836 -0.299621
1305031113.4157 1.297467 0.688409 1.654442 0.603566 0.273543 -0.686085 -0.300285
1305031113.4457 1.273306 0.729861 1.619689 0.604564 0.285258 -0.683990 -0.292041
1305031113.4757 1.282523 0.725779 1.603288 0.607873 0.283155 -0.683373 -0.288645
1305031113.5157 1.282690 0.660840 1.627638 0.615884 0.279913 -0.678032 -0.287418
1305031113.5457 1.277692 0.687267 1.607806 0.617238 0.287283 -0.676396 -0.281023
1305031113.5757 1.277388 0.638701 1.624973 0.624946 0.283096 -0.670972 -0.281241
1305031113.6158 1.276246 0.653759 1.602992 0.624845 0.285668 -0.670910 -0.279002
1305031113.6457 1.276451 0.640789 1.602466 0.627411 0.281114 -0.670617 -0.278573
1305031113.6757 1.275846 0.627654 1.602450 0.629693 0.280163 -0.668554 -0.279340
1305031113.7157 1.273280 0.611115 1.604722 0.633758 0.276652 -0.665804 -0.280215
1305031113.7458 1.273900 0.597500 1.601500 0.635479 0.273291 -0.663478 -0.285090
1305031113.7757 1.273200 0.585200 1.600800 0.637082 0.271792 -0.661081 -0.288492
1305031113.8157 1.271549 0.567902 1.598968 0.637063 0.270952 -0.660111 -0.291530
1305031113.8457 1.270700 0.556500 1.598300 0.639495 0.267798 -0.658395 -0.292998
1305031113.8757 1.270091 0.543289 1.597256 0.640631 0.268322 -0.655714 -0.296031
1305031113.9157 1.269205 0.526941 1.593885 0.639830 0.270467 -0.654533 -0.298414
1305031113.9457 1.268000 0.515000 1.594700 0.640497 0.269899 -0.652097 -0.302799
1305031113.9757 1.267400 0.502100 1.593600 0.642495 0.268998 -0.648295 -0.307497
1305031114.0157 1.265800 0.484900 1.592100 0.645125 0.270410 -0.642625 -0.312612
1305031114.0457 1.264800 0.472100 1.591100 0.646322 0.273209 -0.640721 -0.311610
1305031114.0757 1.263800 0.459100 1.590300 0.647392 0.277596 -0.638292 -0.310496
1305031114.1157 1.261359 0.442492 1.591370 0.652022 0.282122 -0.632689 -0.308187
1305031114.1457 1.260900 0.429600 1.587200 0.653891 0.284596 -0.629591 -0.308296
1305031114.1757 1.259900 0.417400 1.586000 0.653605 0.286802 -0.627405 -0.311302
1305031114.2157 1.258165 0.400469 1.583257 0.656168 0.285860 -0.625286 -0.311039
1305031114.2456 1.258615 0.387779 1.585526 0.660346 0.286433 -0.622018 -0.308210
1305031114.2757 1.255414 0.377395 1.580209 0.662335 0.290018 -0.619129 -0.306399
1305031114.3157 1.253997 0.361971 1.577746 0.665790 0.294687 -0.616518 -0.299648
1305031114.3457 1.252700 0.352700 1.575800 0.669068 0.295186 -0.613771 -0.297486
1305031114.3757 1.251400 0.342300 1.574700 0.671409 0.295304 -0.610608 -0.298604
1305031114.4157 1.249473 0.330771 1.575385 0.674465 0.297303 -0.606360 -0.298387
1305031114.4456 1.246272 0.321902 1.579360 0.677208 0.299813 -0.604256 -0.293899
1305031114.4757 1.246800 0.310800 1.573200 0.680202 0.301201 -0.601502 -0.291201
1305031114.5157 1.243766 0.300016 1.574076 0.683466 0.305771 -0.598556 -0.284794
1305031114.5457 1.242536 0.293601 1.573492 0.683524 0.305599 -0.600129 -0.281513
1305031114.5756 1.240771 0.286829 1.573894 0.682246 0.304308 -0.602802 -0.280296
1305031114.6157 1.238308 0.281639 1.572892 0.681892 0.303699 -0.605605 -0.275741
1305031114.6456 1.237837 0.276890 1.572530 0.684165 0.302975 -0.605764 -0.270507
1305031114.6757 1.236830 0.277154 1.576292 0.686213 0.307818 -0.603970 -0.263782
1305031114.7157 1.237137 0.268850 1.573481 0.687381 0.307427 -0.603565 -0.262117
1305031114.7457 1.236031 0.268247 1.573971 0.690070 0.309205 -0.599219 -0.262930
1305031114.7757 1.236700 0.267400 1.574500 0.690560 0.310882 -0.596966 -0.264785
1305031114.8156 1.237800 0.268400 1.574300 0.691967 0.309485 -0.596371 -0.264087
1305031114.8457 1.238800 0.270200 1.574000 0.693176 0.309689 -0.594680 -0.264491
1305031114.8757 1.240378 0.272323 1.572536 0.692754 0.309706 -0.595410 -0.263935
1305031114.9157 1.241266 0.278444 1.569512 0.693471 0.308857 -0.595356 -0.263168
1305031114.9456 1.267665 0.282762 1.528589 0.690164 0.300618 -0.603533 -0.262774
1305031114.9757 1.240288 0.291188 1.559079 0.693724 0.305713 -0.596475 -0.263637
1305031115.0157 1.245770 0.299972 1.560874 0.696465 0.300792 -0.597733 -0.259184
1305031115.0457 1.242283 0.309675 1.547129 0.695375 0.297017 -0.598989 -0.263528
1305031115.0756 1.243370 0.319163 1.556745 0.696463 0.297788 -0.598440 -0.261019
1305031115.1157 1.237552 0.375061 1.483332 0.680832 0.291308 -0.619141 -0.261289
1305031115.1457 1.239404 0.348367 1.551401 0.691716 0.287597 -0.606738 -0.265867
1305031115.1756 1.239178 0.359267 1.552412 0.691474 0.286696 -0.607829 -0.264978
1305031115.2157 1.238478 0.376072 1.550751 0.686802 0.286755 -0.611967 -0.267528
1305031115.2457 1.235622 0.383840 1.549972 0.684825 0.286411 -0.611276 -0.274455
1305031115.2757 1.234200 0.403800 1.548600 0.680571 0.288088 -0.617374 -0.269589
1305031115.3156 1.232716 0.429514 1.541413 0.672951 0.287429 -0.623899 -0.274357
1305031115.3456 1.229557 0.440175 1.544188 0.669106 0.285993 -0.626409 -0.279493
1305031115.3757 1.228872 0.455210 1.542077 0.669404 0.283747 -0.629976 -0.272978
1305031115.4157 1.227018 0.475746 1.538839 0.670051 0.287508 -0.631920 -0.262770
1305031115.4457 1.214627 0.500573 1.532424 0.666030 0.289203 -0.637748 -0.256989
1305031115.4756 1.223515 0.510807 1.533797 0.665639 0.287779 -0.640285 -0.253265
1305031115.5156 1.218531 0.543721 1.528961 0.659833 0.285166 -0.646755 -0.254969
1305031115.5457 1.226400 0.548300 1.533700 0.652205 0.278202 -0.654705 -0.261902
1305031115.5757 1.226924 0.566648 1.532480 0.647069 0.274538 -0.659435 -0.266601
1305031115.6157 1.235459 0.598054 1.511367 0.637538 0.272173 -0.667458 -0.271970
1305031115.6457 1.229200 0.603900 1.535600 0.633982 0.273092 -0.671181 -0.270192
1305031115.6757 1.229275 0.621097 1.535777 0.627346 0.276635 -0.676757 -0.268162
1305031115.7157 1.237550 0.651565 1.537418 0.621156 0.281070 -0.681536 -0.265846
1305031115.7457 1.233900 0.656600 1.538600 0.613858 0.275281 -0.689353 -0.268682
1305031115.7757 1.235000 0.672000 1.539400 0.606796 0.273498 -0.694796 -0.272498
1305031115.8156 1.243328 0.722061 1.499145 0.592084 0.266103 -0.709285 -0.274848
1305031115.8457 1.239735 0.706531 1.539269 0.592380 0.262684 -0.709157 -0.277812
1305031115.8756 1.239314 0.720708 1.539438 0.585655 0.264111 -0.713512 -0.279562
1305031115.9156 1.258579 0.767012 1.515817 0.574921 0.269623 -0.719488 -0.281259
1305031115.9457 1.241200 0.751400 1.536600 0.573232 0.261015 -0.723740 -0.281916
1305031115.9857 1.233517 0.753486 1.559248 0.579476 0.255475 -0.719907 -0.284032
1305031116.0156 1.208865 0.788577 1.566236 0.581535 0.255337 -0.718731 -0.282923
1305031116.0457 1.215550 0.768307 1.568580 0.581967 0.238054 -0.719920 -0.293871
1305031116.0757 1.207970 0.822681 1.576523 0.581334 0.251148 -0.720276 -0.283158
1305031116.1157 1.224303 0.847952 1.531192 0.559675 0.233056 -0.742280 -0.285429
1305031116.1457 1.243221 0.825848 1.520593 0.548236 0.215722 -0.752015 -0.295595
1305031116.1757 1.240454 0.839285 1.520566 0.546050 0.214419 -0.754474 -0.294316
1305031116.2157 1.261127 0.863834 1.488998 0.532924 0.205933 -0.766381 -0.293672
1305031116.2457 1.235992 0.887821 1.509144 0.540948 0.211708 -0.759130 -0.293728
1305031116.2757 1.208972 0.917775 1.527953 0.541998 0.221498 -0.757985 -0.287465
1305031116.3156 1.217700 0.864757 1.541142 0.547808 0.186475 -0.757737 -0.301610
1305031116.3457 1.218330 0.887668 1.559901 0.553891 0.193283 -0.749627 -0.306441
1305031116.3757 1.250100 0.900800 1.516200 0.520014 0.194505 -0.773021 -0.306908
1305031116.4157 1.249929 0.905456 1.519826 0.515878 0.197264 -0.775049 -0.307009
1305031116.4456 1.253900 0.907700 1.518400 0.508618 0.196007 -0.781828 -0.302711
1305031116.4757 1.259349 0.909531 1.514711 0.503322 0.195087 -0.786011 -0.301323
1305031116.5157 1.256387 0.902431 1.521538 0.509706 0.197262 -0.779535 -0.305962
1305031116.5456 1.256938 0.896543 1.523264 0.512055 0.196609 -0.777147 -0.308524
1305031116.5757 1.223096 0.848588 1.592011 0.537712 0.198323 -0.757649 -0.312253
1305031116.6157 1.228245 0.805891 1.571265 0.541314 0.184681 -0.756993 -0.315965
1305031116.6457 1.260752 0.844571 1.543362 0.527165 0.202894 -0.766604 -0.305368
1305031116.6756 1.256200 0.851000 1.529000 0.539513 0.205305 -0.757218 -0.305607
1305031116.7157 1.256000 0.832600 1.530800 0.549305 0.205102 -0.749507 -0.307303
1305031116.7457 1.256000 0.818100 1.531700 0.558585 0.203395 -0.743380 -0.306592
1305031116.7757 1.260882 0.783933 1.540549 0.568538 0.195866 -0.737960 -0.306294
1305031116.8156 1.255687 0.733126 1.629032 0.598558 0.203176 -0.712808 -0.303896
1305031116.8456 1.246783 0.676016 1.681654 0.617804 0.203582 -0.697752 -0.300024
1305031116.8757 1.250847 0.587108 1.763719 0.653626 0.192651 -0.669772 -0.295067
1305031116.9157 1.236964 0.615460 1.709984 0.631528 0.211470 -0.688520 -0.287042
1305031116.9456 1.258000 0.713400 1.534500 0.608007 0.227102 -0.703808 -0.288803
1305031116.9756 1.259300 0.696500 1.533900 0.617110 0.231304 -0.695611 -0.286005
1305031117.0157 1.255203 0.664832 1.538274 0.626538 0.238381 -0.686329 -0.282094
1305031117.0457 1.241328 0.658058 1.555415 0.634108 0.246916 -0.681049 -0.270391
1305031117.0757 1.255758 0.642944 1.545959 0.637407 0.247946 -0.678875 -0.267142
1305031117.1159 1.257911 0.623339 1.534008 0.643239 0.254578 -0.671998 -0.264296
1305031117.1457 1.250034 0.626065 1.508293 0.635608 0.262306 -0.680611 -0.252919
1305031117.1756 1.265900 0.608800 1.522800 0.653825 0.258610 -0.664125 -0.254110
1305031117.2157 1.258646 0.611559 1.514376 0.651675 0.265614 -0.666326 -0.246532
1305031117.2456 1.264203 0.594668 1.518893 0.659735 0.258126 -0.661086 -0.247157
1305031117.2756 1.263401 0.590930 1.519133 0.662843 0.253433 -0.659697 -0.247406
1305031117.3156 1.262448 0.586309 1.519072 0.664007 0.249364 -0.660207 -0.247061
1305031117.3457 1.262324 0.585907 1.520309 0.664286 0.249107 -0.659801 -0.247655
1305031117.3757 1.260186 0.585106 1.521706 0.664174 0.249811 -0.659814 -0.247211
1305031117.4156 1.258547 0.584346 1.526713 0.663295 0.253199 -0.659247 -0.247637
1305031117.4456 1.256836 0.584439 1.530332 0.662488 0.255979 -0.658898 -0.247866
1305031117.4757 1.250589 0.587445 1.546466 0.664060 0.258044 -0.657380 -0.245537
1305031117.5156 1.249885 0.581685 1.540277 0.659524 0.261893 -0.658502 -0.250630
1305031117.5456 1.245409 0.583443 1.543878 0.658760 0.264305 -0.657999 -0.251428
1305031117.5757 1.240255 0.582260 1.548192 0.659693 0.265908 -0.656175 -0.252055
1305031117.6157 1.232760 0.581852 1.554639 0.659913 0.268372 -0.655578 -0.250418
1305031117.6457 1.224950 0.581693 1.557555 0.658922 0.271102 -0.655376 -0.250615
1305031117.6756 1.218328 0.582569 1.561009 0.659769 0.271369 -0.655732 -0.247142
1305031117.7156 1.208724 0.583326 1.568012 0.658815 0.274397 -0.656770 -0.243563
1305031117.7457 1.200470 0.584027 1.572124 0.657538 0.277142 -0.657428 -0.242124
1305031117.7757 1.193013 0.584184 1.574973 0.657257 0.277296 -0.658668 -0.239326
1305031117.8156 1.180962 0.584512 1.581371 0.655535 0.281459 -0.658759 -0.238938
1305031117.8457 1.173276 0.584975 1.585671 0.654154 0.280600 -0.660157 -0.239871
1305031117.8757 1.162688 0.584380 1.590299 0.653688 0.278502 -0.660616 -0.242310
1305031117.9156 1.150917 0.584412 1.595586 0.653255 0.277395 -0.660852 -0.244099
1305031117.9456 1.142866 0.588177 1.602640 0.652853 0.278333 -0.660706 -0.244502
1305031117.9756 1.132700 0.584600 1.604300 0.653293 0.274697 -0.661793 -0.244497
1305031118.0157 1.119831 0.585339 1.610513 0.654004 0.273158 -0.661878 -0.244093
1305031118.0457 1.111944 0.584661 1.612551 0.653390 0.270767 -0.663149 -0.244951
1305031118.0757 1.099886 0.586821 1.616561 0.653795 0.270226 -0.662864 -0.245237
1305031118.1156 1.086109 0.593696 1.622386 0.652451 0.267596 -0.663629 -0.249592
1305031118.1457 1.079589 0.586044 1.624811 0.652466 0.263631 -0.663757 -0.253402
1305031118.1756 1.071763 0.586078 1.632253 0.653364 0.262757 -0.662277 -0.255860
1305031118.2156 1.061242 0.583979 1.637364 0.650706 0.263709 -0.662563 -0.260864
1305031118.2456 1.054098 0.586787 1.642195 0.651216 0.266049 -0.661637 -0.259560
1305031118.2757 1.045500 0.586500 1.646800 0.649900 0.269000 -0.660300 -0.263200
1305031118.3156 1.035558 0.587197 1.652489 0.648624 0.274066 -0.657594 -0.267854
1305031118.3457 1.025983 0.588822 1.659826 0.648816 0.273694 -0.656349 -0.270805
1305031118.3756 1.022732 0.588320 1.659140 0.648068 0.274862 -0.655297 -0.273942
1305031118.4156 1.015500 0.589200 1.661500 0.647713 0.278105 -0.654713 -0.272905
1305031118.4457 1.011400 0.590400 1.662300 0.645708 0.278804 -0.656809 -0.271904
1305031118.4757 1.008400 0.591400 1.662600 0.644698 0.280299 -0.657497 -0.271099
1305031118.5156 1.005032 0.590073 1.659469 0.643179 0.281435 -0.657614 -0.273237
1305031118.5456 1.006582 0.593036 1.659294 0.644383 0.280469 -0.657631 -0.271349
1305031118.5756 1.008332 0.592777 1.653221 0.643991 0.278070 -0.658921 -0.271618
1305031118.6156 1.011136 0.594481 1.651328 0.645628 0.276180 -0.657600 -0.272856
1305031118.6456 1.016380 0.592699 1.646391 0.647178 0.272939 -0.657090 -0.273675
1305031118.6756 1.022829 0.594621 1.644542 0.648606 0.271151 -0.656888 -0.272553
1305031118.7156 1.031837 0.594635 1.639577 0.651122 0.271300 -0.654000 -0.273352
1305031118.7456 1.038572 0.594189 1.634681 0.650421 0.275885 -0.653177 -0.272396
1305031118.7756 1.047314 0.594032 1.629872 0.652847 0.274652 -0.653288 -0.267530
1305031118.8156 1.059540 0.592198 1.620676 0.654029 0.274285 -0.652561 -0.266792
1305031118.8456 1.070500 0.594400 1.619800 0.651800 0.277600 -0.652400 -0.269200
1305031118.8756 1.080391 0.592065 1.606657 0.652567 0.275097 -0.652377 -0.269966
1305031118.9156 1.096600 0.593000 1.608500 0.654419 0.274108 -0.649919 -0.272408
1305031118.9456 1.107982 0.592259 1.602737 0.654797 0.273251 -0.649041 -0.274444
1305031118.9756 1.120380 0.582020 1.586176 0.656433 0.268878 -0.648224 -0.276778
1305031119.0157 1.136498 0.582980 1.585164 0.659282 0.267059 -0.647172 -0.274218
1305031119.0456 1.147000 0.587300 1.588400 0.660800 0.267700 -0.646000 -0.272700
1305031119.0757 1.158200 0.585800 1.584200 0.661600 0.269900 -0.644600 -0.271900
1305031119.1156 1.173760 0.581253 1.575763 0.661177 0.272810 -0.644594 -0.270033
1305031119.1457 1.190089 0.564915 1.568873 0.662066 0.270929 -0.644410 -0.270188
1305031119.1757 1.195000 0.580500 1.571100 0.663094 0.277998 -0.642495 -0.264998
1305031119.2156 1.208388 0.579097 1.565300 0.660882 0.281783 -0.642880 -0.265592
1305031119.2457 1.217501 0.577170 1.561954 0.660850 0.283291 -0.642004 -0.266185
1305031119.2756 1.227443 0.575424 1.557333 0.661396 0.281603 -0.642981 -0.264254
1305031119.3156 1.240207 0.575947 1.552108 0.659037 0.284208 -0.644426 -0.263841
1305031119.3457 1.248800 0.575200 1.547900 0.658883 0.286393 -0.644084 -0.262693
1305031119.3756 1.256852 0.572862 1.537226 0.658036 0.287144 -0.645149 -0.261380
1305031119.4156 1.268564 0.571754 1.535446 0.657962 0.286079 -0.645473 -0.261934
1305031119.4456 1.277117 0.571796 1.530441 0.657015 0.285586 -0.646053 -0.263413
1305031119.4756 1.286242 0.569988 1.525216 0.657137 0.283696 -0.645889 -0.265546
1305031119.5157 1.298210 0.566363 1.510972 0.655148 0.283542 -0.647585 -0.266494
1305031119.5456 1.306438 0.567043 1.511411 0.655518 0.283620 -0.647687 -0.265250
1305031119.5756 1.315679 0.565554 1.504162 0.656057 0.280402 -0.649167 -0.263715
1305031119.6156 1.317561 0.562794 1.504072 0.658779 0.280536 -0.646855 -0.262466
1305031119.6456 1.334804 0.562805 1.489989 0.655946 0.275394 -0.652333 -0.261450
1305031119.6756 1.331749 0.556837 1.478721 0.659361 0.272222 -0.650967 -0.259579
1305031119.7157 1.351617 0.556521 1.468107 0.653640 0.263516 -0.660143 -0.259859
1305031119.7457 1.354860 0.546004 1.466168 0.653772 0.264623 -0.659549 -0.259906
1305031119.7756 1.365906 0.556874 1.460018 0.652261 0.265279 -0.662627 -0.255163
1305031119.8156 1.368710 0.556289 1.443069 0.647215 0.266866 -0.668209 -0.251778
1305031119.8456 1.379987 0.556396 1.447842 0.648250 0.265405 -0.668403 -0.250139
1305031119.8757 1.378230 0.556100 1.434652 0.644693 0.265267 -0.670609 -0.253551
1305031119.9155 1.391489 0.547638 1.424200 0.644399 0.261602 -0.672319 -0.253576
1305031119.9456 1.399374 0.553226 1.415944 0.642872 0.257625 -0.675954 -0.251857
1305031119.9756 1.392234 0.543518 1.401687 0.640306 0.254067 -0.677243 -0.258457
1305031120.0156 1.415235 0.545981 1.414344 0.644740 0.248717 -0.677892 -0.250823
1305031120.0456 1.419923 0.550387 1.418638 0.645976 0.248036 -0.677966 -0.248104
1305031120.0756 1.421756 0.549594 1.417069 0.644624 0.250877 -0.678644 -0.246907
1305031120.1156 1.423493 0.548571 1.416266 0.645081 0.250276 -0.679981 -0.242609
1305031120.1456 1.423197 0.548702 1.417586 0.644219 0.250676 -0.680674 -0.242543
1305031120.1756 1.422710 0.552338 1.421871 0.641831 0.253080 -0.681827 -0.243137
1305031120.2156 1.417800 0.550000 1.423500 0.641392 0.255797 -0.679691 -0.247397
1305031120.2456 1.414258 0.554132 1.429683 0.642464 0.256897 -0.677867 -0.248473
1305031120.2757 1.412675 0.561013 1.432103 0.640710 0.258262 -0.678260 -0.250507
1305031120.3156 1.402659 0.560030 1.440146 0.642938 0.258465 -0.675154 -0.252969
1305031120.3456 1.392700 0.553500 1.442500 0.643602 0.258201 -0.673402 -0.256201
1305031120.3756 1.385640 0.568514 1.462414 0.645578 0.261677 -0.671487 -0.252705
1305031120.4156 1.375018 0.566686 1.469215 0.643544 0.267803 -0.667463 -0.261965
1305031120.4456 1.363419 0.560310 1.460176 0.641437 0.267994 -0.669067 -0.262843
1305031120.4756 1.357623 0.571814 1.480264 0.642446 0.271714 -0.666405 -0.263321
1305031120.5156 1.340706 0.564490 1.474218 0.638127 0.278234 -0.666249 -0.267381
1305031120.5456 1.332341 0.564372 1.476699 0.636617 0.283919 -0.665327 -0.267299
1305031120.5756 1.322796 0.565743 1.480072 0.635249 0.288795 -0.665486 -0.264926
1305031120.6156 1.311108 0.569164 1.487174 0.632526 0.296631 -0.664623 -0.264949
1305031120.6456 1.302317 0.568710 1.490030 0.632049 0.301025 -0.662568 -0.266276
1305031120.6757 1.294427 0.569947 1.493405 0.632537 0.299468 -0.663916 -0.263497
1305031120.7156 1.280951 0.573716 1.505386 0.632866 0.303850 -0.661582 -0.263564
1305031120.7457 1.272143 0.573114 1.504061 0.631857 0.305866 -0.661342 -0.264252
1305031120.7756 1.264937 0.575055 1.508593 0.631312 0.308047 -0.660728 -0.264559
1305031120.8156 1.253281 0.575516 1.514526 0.631890 0.308147 -0.660240 -0.264279
1305031120.8456 1.244965 0.576939 1.519446 0.633913 0.307826 -0.658471 -0.264222
1305031120.8856 1.235113 0.576205 1.526355 0.633859 0.307901 -0.657075 -0.267715
1305031120.9156 1.227419 0.577017 1.531038 0.635068 0.306534 -0.656487 -0.267861
1305031120.9457 1.218931 0.577330 1.536077 0.636550 0.305185 -0.655286 -0.268824
1305031120.9856 1.211139 0.578114 1.541868 0.637783 0.306127 -0.653256 -0.269770
1305031121.0156 1.203200 0.578100 1.547500 0.637218 0.307709 -0.652219 -0.271808
1305031121.0456 1.196415 0.578278 1.552416 0.638434 0.306162 -0.652106 -0.270969
1305031121.0856 1.187194 0.579064 1.559193 0.638054 0.309285 -0.650378 -0.272468
1305031121.1156 1.180677 0.578283 1.565319 0.637896 0.310986 -0.649391 -0.273254
1305031121.1456 1.173650 0.579654 1.570891 0.638206 0.312286 -0.648345 -0.273531
1305031121.1856 1.163666 0.577935 1.578753 0.638596 0.314056 -0.646540 -0.274863
1305031121.2156 1.154741 0.578931 1.584920 0.638152 0.313596 -0.646593 -0.276292
1305031121.2456 1.147869 0.579005 1.588882 0.637935 0.314241 -0.646204 -0.276969
1305031121.2856 1.143453 0.577624 1.596948 0.637561 0.315127 -0.646207 -0.276817
1305031121.3156 1.129779 0.579580 1.601237 0.635889 0.317152 -0.646210 -0.278339
1305031121.3456 1.122002 0.580482 1.606120 0.635399 0.319730 -0.645775 -0.277515
1305031121.3856 1.111400 0.581000 1.613600 0.634434 0.321317 -0.645334 -0.278915
1305031121.4156 1.103600 0.581018 1.618896 0.634040 0.322999 -0.643563 -0.281944
1305031121.4456 1.095028 0.581969 1.626096 0.633658 0.322147 -0.644690 -0.281201
1305031121.4856 1.085763 0.582407 1.631546 0.630577 0.322722 -0.645579 -0.285397
1305031121.5156 1.078400 0.582100 1.636600 0.629879 0.323489 -0.645879 -0.285391
1305031121.5456 1.072818 0.585252 1.643491 0.631274 0.320978 -0.647422 -0.281620
1305031121.5856 1.061700 0.581500 1.648000 0.630778 0.319089 -0.647277 -0.285190
1305031121.6156 1.059070 0.586204 1.647920 0.629842 0.316739 -0.648450 -0.287208
1305031121.6456 1.049693 0.581154 1.656484 0.631441 0.313470 -0.646993 -0.290550
1305031121.6856 1.039800 0.581100 1.662400 0.632006 0.309103 -0.648606 -0.290403
1305031121.7156 1.033700 0.581300 1.666100 0.631975 0.308388 -0.649474 -0.289289
1305031121.7457 1.027600 0.581800 1.669000 0.632284 0.307092 -0.650584 -0.287493
1305031121.7856 1.020200 0.583300 1.672300 0.630989 0.306395 -0.653089 -0.285395
1305031121.8156 1.014852 0.586455 1.675241 0.630510 0.304749 -0.655033 -0.283755
1305031121.8457 1.011954 0.586357 1.675890 0.628191 0.306038 -0.656837 -0.283341
1305031121.8856 1.010325 0.586173 1.677209 0.625080 0.305706 -0.661982 -0.278567
1305031121.9156 1.006879 0.590257 1.674532 0.624144 0.308033 -0.662933 -0.275825
1305031121.9456 1.008100 0.587800 1.674800 0.625197 0.307398 -0.661996 -0.276399
1305031121.9856 1.011294 0.586368 1.671041 0.625595 0.306873 -0.661631 -0.276957
1305031122.0156 1.014100 0.587200 1.670200 0.627707 0.305704 -0.660108 -0.277103
1305031122.0456 1.019175 0.587647 1.665892 0.629585 0.306994 -0.657539 -0.277525
1305031122.0858 1.026782 0.587554 1.662371 0.632603 0.306510 -0.654138 -0.279227
1305031122.1156 1.033871 0.585931 1.657419 0.634193 0.306629 -0.651552 -0.281526
1305031122.1556 1.046174 0.586304 1.649743 0.638144 0.304709 -0.647895 -0.283120
1305031122.1856 1.053283 0.584950 1.644242 0.639746 0.305243 -0.644143 -0.287457
1305031122.2156 1.061125 0.582009 1.634020 0.644280 0.300537 -0.643045 -0.284734
1305031122.2556 1.077689 0.580435 1.625642 0.646650 0.295180 -0.642900 -0.285294
1305031122.2856 1.085653 0.579515 1.621964 0.649796 0.295659 -0.640046 -0.284063
1305031122.3156 1.099564 0.586119 1.617610 0.654469 0.298646 -0.637306 -0.276265
1305031122.3556 1.109544 0.577707 1.609504 0.658068 0.290232 -0.638198 -0.274618
1305031122.3855 1.124074 0.574590 1.604169 0.660667 0.288420 -0.637916 -0.270917
1305031122.4156 1.134562 0.574107 1.598482 0.662031 0.290356 -0.637019 -0.267612
1305031122.4555 1.148600 0.572600 1.593000 0.663401 0.291901 -0.637301 -0.261801
1305031122.4856 1.160568 0.574933 1.577338 0.661786 0.294619 -0.639240 -0.258093
1305031122.5156 1.169132 0.568951 1.583659 0.666387 0.295326 -0.634393 -0.257404
1305031122.5555 1.182934 0.564728 1.570816 0.666905 0.291237 -0.635787 -0.257281
1305031122.5856 1.194328 0.561284 1.564799 0.667292 0.288785 -0.635797 -0.259010
1305031122.6157 1.203163 0.567148 1.570804 0.667731 0.293888 -0.633815 -0.256988
1305031122.6456 1.212220 0.563967 1.563942 0.667084 0.294597 -0.634087 -0.257187
1305031122.6856 1.226403 0.563149 1.556541 0.665683 0.296831 -0.634786 -0.256524
1305031122.7156 1.233268 0.559634 1.549834 0.665251 0.298045 -0.635691 -0.253983
1305031122.7556 1.246259 0.560242 1.542832 0.666481 0.299066 -0.634955 -0.251384
1305031122.7856 1.254657 0.559292 1.537642 0.667683 0.296240 -0.636097 -0.248637
1305031122.8156 1.263177 0.557611 1.531467 0.668677 0.292836 -0.636852 -0.248069
1305031122.8556 1.268303 0.558255 1.500764 0.664315 0.283912 -0.643845 -0.252079
1305031122.8856 1.280703 0.555819 1.519565 0.667587 0.281189 -0.641643 -0.252099
1305031122.9156 1.287942 0.555156 1.513735 0.667321 0.279788 -0.642668 -0.251751
1305031122.9556 1.297009 0.553657 1.509047 0.665869 0.280260 -0.643992 -0.251690
1305031122.9856 1.304200 0.554600 1.504500 0.664120 0.280508 -0.646919 -0.248507
1305031123.0155 1.309464 0.553419 1.499221 0.663159 0.281059 -0.648379 -0.246640
1305031123.0557 1.313069 0.555782 1.495647 0.661397 0.284284 -0.648144 -0.248285
1305031123.0856 1.326031 0.550858 1.488814 0.659451 0.281815 -0.651558 -0.247338
1305031123.1156 1.329610 0.546730 1.479952 0.659346 0.278242 -0.653957 -0.245325
1305031123.1555 1.342143 0.549820 1.476441 0.659529 0.277949 -0.654015 -0.245013
1305031123.1855 1.342208 0.546969 1.450315 0.655632 0.273909 -0.659081 -0.246441
1305031123.2155 1.353699 0.549015 1.456241 0.659272 0.267084 -0.659295 -0.243630
1305031123.2555 1.365500 0.550400 1.453500 0.659904 0.260402 -0.662404 -0.240702
1305031123.2856 1.372300 0.550600 1.445800 0.658261 0.256885 -0.666060 -0.238886
1305031123.3156 1.378900 0.551100 1.438700 0.658128 0.251611 -0.668228 -0.238810
1305031123.3456 1.392436 0.550553 1.453955 0.664891 0.253954 -0.660556 -0.238941
1305031123.3856 1.389458 0.547619 1.415391 0.653272 0.242875 -0.675682 -0.240211
1305031123.4156 1.393053 0.546182 1.407890 0.651676 0.240249 -0.677652 -0.241631
1305031123.4555 1.409502 0.550596 1.417407 0.654316 0.237436 -0.678056 -0.236084
1305031123.4856 1.411074 0.550970 1.391452 0.645785 0.237185 -0.685971 -0.236958
1305031123.5155 1.419733 0.548118 1.380831 0.642526 0.232977 -0.690313 -0.237383
1305031123.5556 1.419932 0.557662 1.366604 0.638384 0.237495 -0.693913 -0.233554
1305031123.5755 1.425706 0.551939 1.370169 0.639007 0.235919 -0.693391 -0.234991
1305031123.6155 1.428873 0.529397 1.380710 0.647967 0.228991 -0.686358 -0.237940
1305031123.6556 1.435021 0.554312 1.361951 0.640375 0.231197 -0.694780 -0.231837
1305031123.6856 1.445008 0.545281 1.344369 0.637544 0.222077 -0.699038 -0.235724
1305031123.7155 1.452988 0.559451 1.359784 0.639762 0.223410 -0.699034 -0.228349
1305031123.7555 1.458509 0.560518 1.363857 0.639679 0.221422 -0.700408 -0.226302
1305031123.7856 1.459917 0.560881 1.363597 0.639896 0.223175 -0.699947 -0.225388
1305031123.8155 1.461212 0.561057 1.363578 0.639125 0.222157 -0.701412 -0.224023
1305031123.8555 1.466456 0.563783 1.361360 0.637454 0.222300 -0.703547 -0.221937
1305031123.8855 1.463217 0.560616 1.366798 0.639040 0.224270 -0.701172 -0.222909
1305031123.9155 1.460917 0.561156 1.367818 0.638420 0.226403 -0.700693 -0.224033
1305031123.9556 1.457902 0.561486 1.370420 0.637906 0.225816 -0.702721 -0.219696
1305031123.9856 1.460017 0.560562 1.395046 0.644278 0.228611 -0.696325 -0.218574
1305031124.0155 1.448528 0.564456 1.376486 0.637165 0.236027 -0.699486 -0.221429
1305031124.0555 1.443222 0.561998 1.380903 0.638448 0.237928 -0.698157 -0.219887
1305031124.0855 1.440527 0.587141 1.408550 0.641630 0.248617 -0.694480 -0.210233
1305031124.1155 1.428519 0.567250 1.393530 0.638436 0.246884 -0.693474 -0.224816
1305031124.1456 1.423800 0.563000 1.391300 0.639513 0.248505 -0.691514 -0.226004
1305031124.1855 1.412244 0.574860 1.412434 0.642874 0.251450 -0.687708 -0.224817
1305031124.2155 1.408100 0.564800 1.401700 0.640086 0.254995 -0.686585 -0.232095
1305031124.2455 1.402444 0.566118 1.408051 0.640697 0.257903 -0.684869 -0.232267
1305031124.2855 1.391865 0.566609 1.413052 0.642114 0.262751 -0.682458 -0.230007
1305031124.3155 1.388105 0.570396 1.425793 0.642783 0.267926 -0.679633 -0.230530
1305031124.3455 1.379000 0.572154 1.422870 0.640702 0.271591 -0.679726 -0.231759
1305031124.3856 1.368284 0.569131 1.433284 0.642541 0.274793 -0.675972 -0.233863
1305031124.4155 1.366114 0.579857 1.453558 0.643193 0.279551 -0.672702 -0.235853
1305031124.4456 1.360105 0.577610 1.461354 0.644470 0.281707 -0.669420 -0.239117
1305031124.4756 1.345107 0.570220 1.453586 0.642908 0.285961 -0.667223 -0.244354
1305031124.5155 1.334665 0.575215 1.467614 0.642896 0.290646 -0.664146 -0.247224
1305031124.5455 1.332533 0.581183 1.482203 0.645161 0.293023 -0.661153 -0.246539
1305031124.5755 1.317388 0.574889 1.479572 0.645586 0.294147 -0.659143 -0.249453
1305031124.6155 1.304969 0.573244 1.486405 0.645666 0.299899 -0.655147 -0.252899
1305031124.6556 1.291510 0.574012 1.494479 0.647403 0.302659 -0.651930 -0.253485
1305031124.6756 1.285211 0.573723 1.498663 0.647798 0.304008 -0.650163 -0.255390
1305031124.7155 1.272981 0.575837 1.507285 0.646971 0.307125 -0.648082 -0.259023
1305031124.7455 1.261619 0.576601 1.515340 0.648949 0.306067 -0.646381 -0.259576
1305031124.7755 1.251823 0.577158 1.520541 0.648293 0.309414 -0.644797 -0.261182
1305031124.8155 1.237574 0.577008 1.526175 0.648486 0.309311 -0.644708 -0.261043
1305031124.8555 1.220724 0.580719 1.537180 0.649716 0.311753 -0.642970 -0.259362
1305031124.8756 1.214393 0.579326 1.539308 0.649146 0.310734 -0.643195 -0.261448
1305031124.9156 1.198700 0.581000 1.546200 0.648723 0.309711 -0.643723 -0.262409
1305031124.9556 1.185057 0.582565 1.552679 0.648261 0.308291 -0.644930 -0.262260
1305031124.9758 1.177294 0.583224 1.555353 0.646901 0.309746 -0.645089 -0.263507
1305031125.0155 1.164313 0.584644 1.561246 0.645814 0.315584 -0.643270 -0.263694
1305031125.0555 1.150343 0.584292 1.567083 0.644453 0.316761 -0.644104 -0.263578
1305031125.0755 1.144990 0.585146 1.570563 0.644035 0.316289 -0.645562 -0.261589
1305031125.1155 1.130428 0.588560 1.576927 0.642441 0.319684 -0.645126 -0.262457
1305031125.1556 1.121100 0.584907 1.582997 0.643028 0.318797 -0.643706 -0.265567
1305031125.1756 1.116118 0.584915 1.585971 0.642297 0.316826 -0.645512 -0.265311
1305031125.2155 1.106499 0.583374 1.591862 0.643039 0.313696 -0.646388 -0.265102
1305031125.2555 1.095068 0.582737 1.598285 0.643835 0.315293 -0.643369 -0.268594
1305031125.2756 1.090457 0.582008 1.600747 0.643979 0.314561 -0.643522 -0.268742
1305031125.3155 1.082077 0.581459 1.607762 0.642946 0.314021 -0.643706 -0.271392
1305031125.3462 1.075600 0.580400 1.610900 0.644108 0.314304 -0.641508 -0.273504
1305031125.3756 1.075081 0.584417 1.614516 0.647260 0.309932 -0.639933 -0.274741
1305031125.4156 1.061067 0.579092 1.613875 0.643504 0.305445 -0.642786 -0.281837
1305031125.4556 1.053170 0.581000 1.621419 0.645817 0.298883 -0.643698 -0.281498
1305031125.4756 1.049795 0.582158 1.622979 0.645586 0.295776 -0.644379 -0.283744
1305031125.5156 1.044844 0.582634 1.624249 0.644842 0.293800 -0.645049 -0.285960
1305031125.5555 1.041847 0.581328 1.626561 0.645976 0.289552 -0.644704 -0.288500
1305031125.5755 1.041781 0.584018 1.628239 0.647020 0.287161 -0.644713 -0.288529
1305031125.6156 1.042730 0.582423 1.630418 0.645041 0.286925 -0.644503 -0.293618
1305031125.6556 1.043800 0.583400 1.631100 0.642476 0.292789 -0.644076 -0.294389
1305031125.6756 1.045524 0.582949 1.630702 0.641967 0.297286 -0.642572 -0.294279
1305031125.7155 1.051107 0.582891 1.629484 0.640464 0.305493 -0.640978 -0.292623
1305031125.7555 1.057944 0.582968 1.626468 0.639942 0.308302 -0.640022 -0.292909
1305031125.7755 1.062744 0.581083 1.624053 0.641839 0.306976 -0.638587 -0.293283
1305031125.8155 1.070555 0.580999 1.619598 0.642073 0.306051 -0.638716 -0.293456
1305031125.8455 1.077375 0.582630 1.617290 0.644530 0.302096 -0.638273 -0.293133
1305031125.8755 1.087275 0.580105 1.614733 0.644880 0.304109 -0.636737 -0.293620
1305031125.9155 1.098152 0.579607 1.606570 0.646218 0.305899 -0.637737 -0.286564
1305031125.9457 1.106229 0.581078 1.601406 0.647351 0.308470 -0.637868 -0.280905
1305031125.9755 1.114855 0.579835 1.592594 0.645477 0.314476 -0.638821 -0.276355
1305031126.0155 1.126839 0.581096 1.587592 0.649414 0.316267 -0.636705 -0.269896
1305031126.0455 1.134486 0.581861 1.578854 0.649166 0.314509 -0.639092 -0.266887
1305031126.0756 1.147604 0.576536 1.560072 0.649395 0.310089 -0.642098 -0.264275
1305031126.1155 1.155659 0.580807 1.561093 0.650421 0.309952 -0.640830 -0.264988
1305031126.1455 1.165206 0.583011 1.553937 0.650243 0.307548 -0.643576 -0.261552
1305031126.1755 1.175472 0.582155 1.536564 0.650787 0.303277 -0.647331 -0.255855
1305031126.2155 1.185829 0.582655 1.532359 0.651877 0.302531 -0.647001 -0.254795
1305031126.2455 1.193363 0.581164 1.523808 0.652815 0.300945 -0.647146 -0.253904
1305031126.2755 1.207481 0.579871 1.514547 0.653633 0.296522 -0.648548 -0.253423
1305031126.3155 1.217698 0.578927 1.504492 0.655227 0.288836 -0.650811 -0.252383
1305031126.3456 1.227563 0.580554 1.500119 0.655665 0.285298 -0.651692 -0.252995
1305031126.3757 1.236418 0.579647 1.493852 0.656525 0.282330 -0.651827 -0.253745
1305031126.4155 1.248037 0.578143 1.484581 0.658886 0.276567 -0.652819 -0.251410
1305031126.4455 1.257567 0.577261 1.480089 0.657980 0.275496 -0.654210 -0.251343
1305031126.4756 1.266935 0.576887 1.474438 0.657255 0.275634 -0.655753 -0.249058
1305031126.5155 1.276105 0.576708 1.465800 0.657684 0.274689 -0.657519 -0.244268
1305031126.5459 1.283714 0.576604 1.460792 0.657842 0.271542 -0.659885 -0.240959
1305031126.5756 1.291584 0.573004 1.446898 0.656263 0.265683 -0.664510 -0.239077
1305031126.6155 1.296826 0.569203 1.451936 0.660585 0.264856 -0.661067 -0.237635
1305031126.6455 1.302756 0.576630 1.442019 0.655035 0.261748 -0.668480 -0.235694
1305031126.6756 1.310888 0.578706 1.441933 0.653046 0.260362 -0.671753 -0.233433
1305031126.7155 1.315103 0.582249 1.442496 0.652675 0.262438 -0.672067 -0.231231
1305031126.7456 1.321962 0.582295 1.435376 0.648210 0.260146 -0.677068 -0.231790
1305031126.7755 1.327925 0.581092 1.433605 0.646899 0.259093 -0.678843 -0.231442
1305031126.8156 1.332973 0.582107 1.430751 0.645495 0.257613 -0.679982 -0.233658
1305031126.8455 1.337245 0.583118 1.430291 0.644301 0.255304 -0.681824 -0.234121
1305031126.8760 1.340649 0.583455 1.429824 0.644040 0.254782 -0.681710 -0.235734
1305031126.9155 1.343087 0.585095 1.428407 0.643411 0.252383 -0.682823 -0.236808
1305031126.9455 1.347321 0.584860 1.429356 0.642784 0.252966 -0.683417 -0.236174
1305031126.9756 1.346300 0.586200 1.428700 0.642490 0.254496 -0.683290 -0.235696
1305031127.0156 1.347361 0.586085 1.429081 0.642324 0.255153 -0.683335 -0.235308
1305031127.0455 1.347169 0.586654 1.430180 0.641940 0.255115 -0.684217 -0.233831
1305031127.0755 1.347468 0.586661 1.430630 0.641620 0.255406 -0.684494 -0.233581
1305031127.1155 1.343766 0.586787 1.431004 0.641619 0.260162 -0.682808 -0.233270
1305031127.1455 1.343864 0.586036 1.433320 0.642043 0.262566 -0.681952 -0.231907
1305031127.1756 1.342200 0.586200 1.433300 0.642664 0.264585 -0.680762 -0.231387
1305031127.2155 1.339174 0.586672 1.434215 0.642364 0.265116 -0.680646 -0.231952
1305031127.2455 1.336577 0.586942 1.436172 0.643015 0.267078 -0.678764 -0.233409
1305031127.2755 1.334169 0.586193 1.438135 0.643379 0.267515 -0.678096 -0.233849
1305031127.3155 1.331926 0.586939 1.438764 0.644633 0.266507 -0.677925 -0.232035
1305031127.3456 1.327800 0.585600 1.440000 0.644392 0.269997 -0.675992 -0.234297
1305031127.3755 1.324584 0.587006 1.440514 0.643901 0.271765 -0.675775 -0.234228
1305031127.4154 1.321107 0.585453 1.442030 0.645715 0.271604 -0.674368 -0.233477
1305031127.4455 1.316202 0.587340 1.437975 0.642486 0.272763 -0.676798 -0.234000
1305031127.4755 1.316000 0.584600 1.443400 0.646306 0.274103 -0.672606 -0.234002
1305031127.5155 1.313115 0.585332 1.443858 0.647475 0.274445 -0.671717 -0.232921
1305031127.5455 1.311049 0.583934 1.443725 0.646848 0.275220 -0.671586 -0.234124
1305031127.5755 1.308495 0.584179 1.445345 0.648124 0.276983 -0.669804 -0.233620
1305031127.6154 1.307685 0.583717 1.444704 0.647808 0.275668 -0.670817 -0.233146
1305031127.6457 1.307270 0.584225 1.444033 0.646662 0.275599 -0.671996 -0.233011
1305031127.6755 1.303688 0.583840 1.443867 0.646238 0.277300 -0.671819 -0.232681
1305031127.7155 1.303588 0.583862 1.445665 0.647628 0.277561 -0.670667 -0.231826
1305031127.7455 1.303571 0.583850 1.446601 0.647348 0.276771 -0.671377 -0.231498
1305031127.7755 1.301279 0.583612 1.446076 0.646349 0.278483 -0.671177 -0.232814
1305031127.8155 1.300844 0.582999 1.447867 0.647596 0.279808 -0.669139 -0.233624
1305031127.8456 1.300830 0.582230 1.448738 0.647968 0.278904 -0.669178 -0.233562
1305031127.8755 1.299544 0.582464 1.448070 0.647493 0.279462 -0.669528 -0.233208
1305031127.9155 1.299080 0.581083 1.448738 0.648616 0.279745 -0.668259 -0.233387
1305031127.9455 1.297332 0.580331 1.448089 0.649534 0.278174 -0.668775 -0.231225
1305031127.9755 1.296699 0.580699 1.447232 0.649639 0.278769 -0.668719 -0.230372
1305031128.0154 1.293845 0.581725 1.447257 0.650128 0.277839 -0.669039 -0.229185
1305031128.0455 1.292739 0.581701 1.446985 0.649567 0.275755 -0.670856 -0.227976
1305031128.0756 1.290709 0.582723 1.447085 0.649436 0.276035 -0.670903 -0.227875
1305031128.1155 1.288201 0.583727 1.446940 0.648826 0.277097 -0.671248 -0.227304
1305031128.1455 1.286920 0.584168 1.446589 0.647935 0.276677 -0.672840 -0.225649
1305031128.1755 1.284681 0.584509 1.446139 0.646569 0.278132 -0.672893 -0.227609
1305031128.2155 1.284066 0.584802 1.447646 0.646361 0.279500 -0.672698 -0.227100
1305031128.2455 1.283779 0.584971 1.447736 0.646236 0.279656 -0.672885 -0.226710
1305031128.2755 1.280849 0.585353 1.448201 0.646888 0.279960 -0.671985 -0.227145
1305031128.3155 1.282400 0.585000 1.448400 0.646077 0.281390 -0.671676 -0.228592
1305031128.3455 1.282132 0.584509 1.449100 0.647028 0.280054 -0.671408 -0.228334
1305031128.3755 1.281089 0.584752 1.449311 0.648472 0.279957 -0.670102 -0.228191
1305031128.4154 1.281035 0.583473 1.450308 0.649169 0.279330 -0.669453 -0.228882
1305031128.4454 1.281003 0.582723 1.450665 0.649840 0.279137 -0.668786 -0.229162
1305031128.4755 1.280440 0.582408 1.451183 0.650567 0.279185 -0.668044 -0.229207
1305031128.5156 1.280176 0.582054 1.451978 0.650701 0.278790 -0.667763 -0.230121
1305031128.5455 1.280263 0.582369 1.453766 0.651392 0.277928 -0.667350 -0.230409
1305031128.5755 1.279758 0.581302 1.452656 0.650276 0.277967 -0.667640 -0.232665
1305031128.6155 1.279646 0.581618 1.452915 0.649455 0.279566 -0.667792 -0.232607
1305031128.6455 1.279468 0.581949 1.454146 0.650387 0.280322 -0.667093 -0.231092
1305031128.6755 1.278043 0.581686 1.454920 0.651437 0.280794 -0.665952 -0.230854
1305031128.7155 1.278736 0.581783 1.456065 0.651459 0.281365 -0.665174 -0.232331
