1305031102.175800 1305031102.215900 1305031102.175800 1305031102.215900 0.045628 0.012637
1305031102.215900 1305031102.275800 1305031102.215900 1305031102.275800 0.029636 0.038326
1305031102.275800 1305031102.315800 1305031102.275800 1305031102.315800 0.033672 0.014177
1305031102.315800 1305031102.345800 1305031102.315800 1305031102.345800 0.015536 0.006012
1305031102.345800 1305031102.375800 1305031102.345800 1305031102.375800 0.024032 0.002932
1305031102.375800 1305031102.415900 1305031102.375800 1305031102.415900 0.028715 0.008308
1305031102.415900 1305031102.445800 1305031102.415900 1305031102.445800 0.019458 0.022195
1305031102.445800 1305031102.475800 1305031102.445800 1305031102.475800 0.010527 0.022213
1305031102.475800 1305031102.515900 1305031102.475800 1305031102.515900 0.046449 0.016039
1305031102.515900 1305031102.575900 1305031102.515900 1305031102.575900 0.020893 0.026805
1305031102.575900 1305031102.615900 1305031102.575900 1305031102.615900 0.053968 0.024750
1305031102.615900 1305031102.675900 1305031102.615900 1305031102.675900 0.032833 0.015807
1305031102.675900 1305031102.715900 1305031102.675900 1305031102.715900 0.036202 0.005478
1305031102.715900 1305031102.745800 1305031102.715900 1305031102.745800 0.022949 0.004288
1305031102.745800 1305031102.775800 1305031102.745800 1305031102.775800 0.021156 0.016779
1305031102.775800 1305031102.815900 1305031102.775800 1305031102.815900 0.030535 0.014249
1305031102.815900 1305031102.845800 1305031102.815900 1305031102.845800 0.020480 0.011168
1305031102.845800 1305031102.875800 1305031102.845800 1305031102.875800 0.011264 0.009158
1305031102.875800 1305031102.915900 1305031102.875800 1305031102.915900 0.033685 0.021729
1305031102.915900 1305031102.975900 1305031102.915900 1305031102.975900 0.037377 0.020486
1305031102.975900 1305031103.015900 1305031102.975900 1305031103.015900 0.026692 0.022289
1305031103.015900 1305031103.045800 1305031103.015900 1305031103.045800 0.014579 0.023901
1305031103.045800 1305031103.075800 1305031103.045800 1305031103.075800 0.017689 0.010600
1305031103.075800 1305031103.115800 1305031103.075800 1305031103.115800 0.027461 0.018198
1305031103.115800 1305031103.145900 1305031103.115800 1305031103.145900 0.015554 0.012541
1305031103.145900 1305031103.175800 1305031103.145900 1305031103.175800 0.019634 0.003827
1305031103.175800 1305031103.245800 1305031103.175800 1305031103.245800 0.039903 0.055941
1305031103.245800 1305031103.275800 1305031103.245800 1305031103.275800 0.020738 0.022804
1305031103.275800 1305031103.315800 1305031103.275800 1305031103.315800 0.009054 0.021545
1305031103.315800 1305031103.345900 1305031103.315800 1305031103.345900 0.006587 0.016256
1305031103.345900 1305031103.375900 1305031103.345900 1305031103.375900 0.003655 0.009747
1305031103.375900 1305031103.415800 1305031103.375900 1305031103.415800 0.002408 0.007647
1305031103.415800 1305031103.445800 1305031103.415800 1305031103.445800 0.002848 0.006198
1305031103.445800 1305031103.475900 1305031103.445800 1305031103.475900 0.009376 0.008512
1305031103.475900 1305031103.516000 1305031103.475900 1305031103.516000 0.018780 0.016122
1305031103.516000 1305031103.545800 1305031103.516000 1305031103.545800 0.004754 0.016235
1305031103.545800 1305031103.575900 1305031103.545800 1305031103.575900 0.032420 0.018021
1305031103.575900 1305031103.615900 1305031103.575900 1305031103.615900 0.017366 0.020128
1305031103.615900 1305031103.645800 1305031103.615900 1305031103.645800 0.033377 0.015273
1305031103.645800 1305031103.675800 1305031103.645800 1305031103.675800 0.010905 0.013785
1305031103.675800 1305031103.715800 1305031103.675800 1305031103.715800 0.027227 0.012207
1305031103.715800 1305031103.745800 1305031103.715800 1305031103.745800 0.034209 0.004950
1305031103.745800 1305031103.775800 1305031103.745800 1305031103.775800 0.017366 0.009308
1305031103.775800 1305031103.815900 1305031103.775800 1305031103.815900 0.028660 0.013123
1305031103.815900 1305031103.845800 1305031103.815900 1305031103.845800 0.020421 0.004095
1305031103.845800 1305031103.875800 1305031103.845800 1305031103.875800 0.036152 0.007668
1305031103.875800 1305031103.915800 1305031103.875800 1305031103.915800 0.019404 0.018808
1305031103.915800 1305031103.945800 1305031103.915800 1305031103.945800 0.030078 0.011541
1305031103.945800 1305031103.975800 1305031103.945800 1305031103.975800 0.027324 0.005595
1305031103.975800 1305031104.015800 1305031103.975800 1305031104.015800 0.023101 0.019449
1305031104.015800 1305031104.045800 1305031104.015800 1305031104.045800 0.015631 0.023633
1305031104.045800 1305031104.075900 1305031104.045800 1305031104.075900 0.035088 0.022540
1305031104.075900 1305031104.115800 1305031104.075900 1305031104.115800 0.033884 0.027276
1305031104.115800 1305031104.145800 1305031104.115800 1305031104.145800 0.025685 0.015807
1305031104.145800 1305031104.175800 1305031104.145800 1305031104.175800 0.021358 0.011495
1305031104.175800 1305031104.215900 1305031104.175800 1305031104.215900 0.031761 0.014825
1305031104.215900 1305031104.245800 1305031104.215900 1305031104.245800 0.019007 0.011361
1305031104.245800 1305031104.275900 1305031104.245800 1305031104.275900 0.024422 0.013525
1305031104.275900 1305031104.315800 1305031104.275900 1305031104.315800 0.025918 0.011124
1305031104.315800 1305031104.346000 1305031104.315800 1305031104.346000 0.014373 0.010409
1305031104.346000 1305031104.375800 1305031104.346000 1305031104.375800 0.021703 0.008925
1305031104.375800 1305031104.415800 1305031104.375800 1305031104.415800 0.021653 0.010973
1305031104.415800 1305031104.445800 1305031104.415800 1305031104.445800 0.017161 0.006755
1305031104.445800 1305031104.475800 1305031104.445800 1305031104.475800 0.018058 0.005617
1305031104.475800 1305031104.515800 1305031104.475800 1305031104.515800 0.029226 0.015641
1305031104.515800 1305031104.545800 1305031104.515800 1305031104.545800 0.018004 0.004425
1305031104.545800 1305031104.575800 1305031104.545800 1305031104.575800 0.019335 0.019792
1305031104.575800 1305031104.615900 1305031104.575800 1305031104.615900 0.019150 0.025506
1305031104.615900 1305031104.645800 1305031104.615900 1305031104.645800 0.019128 0.014038
1305031104.645800 1305031104.675900 1305031104.645800 1305031104.675900 0.015422 0.025528
1305031104.675900 1305031104.715800 1305031104.675900 1305031104.715800 0.022487 0.033603
1305031104.715800 1305031104.745800 1305031104.715800 1305031104.745800 0.019930 0.025056
1305031104.745800 1305031104.775800 1305031104.745800 1305031104.775800 0.022450 0.018687
1305031104.775800 1305031104.815800 1305031104.775800 1305031104.815800 0.020893 0.029740
1305031104.815800 1305031104.845800 1305031104.815800 1305031104.845800 0.010935 0.014407
1305031104.845800 1305031104.875800 1305031104.845800 1305031104.875800 0.007659 0.010498
1305031104.875800 1305031104.915800 1305031104.875800 1305031104.915800 0.010376 0.006965
1305031104.915800 1305031104.945800 1305031104.915800 1305031104.945800 0.002985 0.006629
1305031104.945800 1305031104.975900 1305031104.945800 1305031104.975900 0.010423 0.006025
1305031104.975900 1305031105.015800 1305031104.975900 1305031105.015800 0.011087 0.015033
1305031105.015800 1305031105.045800 1305031105.015800 1305031105.045800 0.017393 0.012918
1305031105.045800 1305031105.075800 1305031105.045800 1305031105.075800 0.008466 0.014090
1305031105.075800 1305031105.115800 1305031105.075800 1305031105.115800 0.025040 0.011941
1305031105.115800 1305031105.145800 1305031105.115800 1305031105.145800 0.017770 0.011809
1305031105.145800 1305031105.175800 1305031105.145800 1305031105.175800 0.026628 0.028989
1305031105.175800 1305031105.215900 1305031105.175800 1305031105.215900 0.033255 0.009397
1305031105.215900 1305031105.245800 1305031105.215900 1305031105.245800 0.023214 0.016092
1305031105.245800 1305031105.275800 1305031105.245800 1305031105.275800 0.024426 0.025914
1305031105.275800 1305031105.315800 1305031105.275800 1305031105.315800 0.027201 0.027580
1305031105.315800 1305031105.345800 1305031105.315800 1305031105.345800 0.025859 0.021098
1305031105.345800 1305031105.375800 1305031105.345800 1305031105.375800 0.022767 0.012620
1305031105.375800 1305031105.415800 1305031105.375800 1305031105.415800 0.039027 0.018589
1305031105.415800 1305031105.445800 1305031105.415800 1305031105.445800 0.016999 0.014123
1305031105.445800 1305031105.476100 1305031105.445800 1305031105.476100 0.029075 0.008244
1305031105.476100 1305031105.515800 1305031105.476100 1305031105.515800 0.023950 0.020307
1305031105.515800 1305031105.545900 1305031105.515800 1305031105.545900 0.025682 0.008085
1305031105.545900 1305031105.575800 1305031105.545900 1305031105.575800 0.024199 0.010295
1305031105.575800 1305031105.615800 1305031105.575800 1305031105.615800 0.011733 0.012337
1305031105.615800 1305031105.645800 1305031105.615800 1305031105.645800 0.038270 0.014720
1305031105.645800 1305031105.715800 1305031105.645800 1305031105.715800 0.062662 0.009771
1305031105.715800 1305031105.745900 1305031105.715800 1305031105.745900 0.026394 0.010822
1305031105.745900 1305031105.775800 1305031105.745900 1305031105.775800 0.019928 0.010061
1305031105.775800 1305031105.815800 1305031105.775800 1305031105.815800 0.034804 0.010394
1305031105.815800 1305031105.845800 1305031105.815800 1305031105.845800 0.029408 0.008291
1305031105.845800 1305031105.875800 1305031105.845800 1305031105.875800 0.027621 0.013742
1305031105.875800 1305031105.915900 1305031105.875800 1305031105.915900 0.029710 0.027525
1305031105.915900 1305031105.945800 1305031105.915900 1305031105.945800 0.024821 0.013133
1305031105.945800 1305031105.975800 1305031105.945800 1305031105.975800 0.022989 0.019819
1305031105.975800 1305031106.015800 1305031105.975800 1305031106.015800 0.029717 0.019835
1305031106.015800 1305031106.045800 1305031106.015800 1305031106.045800 0.017278 0.013102
1305031106.045800 1305031106.075800 1305031106.045800 1305031106.075800 0.016650 0.015016
1305031106.075800 1305031106.115800 1305031106.075800 1305031106.115800 0.030327 0.017406
1305031106.115800 1305031106.145800 1305031106.115800 1305031106.145800 0.017000 0.018381
1305031106.145800 1305031106.175800 1305031106.145800 1305031106.175800 0.017107 0.015582
1305031106.175800 1305031106.215800 1305031106.175800 1305031106.215800 0.013333 0.010250
1305031106.215800 1305031106.245800 1305031106.215800 1305031106.245800 0.022233 0.009486
1305031106.245800 1305031106.275800 1305031106.245800 1305031106.275800 0.015124 0.010312
1305031106.275800 1305031106.315800 1305031106.275800 1305031106.315800 0.009861 0.018615
1305031106.315800 1305031106.345800 1305031106.315800 1305031106.345800 0.012926 0.014478
1305031106.345800 1305031106.375800 1305031106.345800 1305031106.375800 0.009660 0.022846
1305031106.375800 1305031106.415800 1305031106.375800 1305031106.415800 0.016266 0.037588
1305031106.415800 1305031106.445800 1305031106.415800 1305031106.445800 0.017597 0.022222
1305031106.445800 1305031106.475800 1305031106.445800 1305031106.475800 0.009035 0.008608
1305031106.475800 1305031106.515900 1305031106.475800 1305031106.515900 0.004180 0.019380
1305031106.515900 1305031106.545800 1305031106.515900 1305031106.545800 0.018041 0.009807
1305031106.545800 1305031106.575800 1305031106.545800 1305031106.575800 0.018882 0.012445
1305031106.575800 1305031106.615800 1305031106.575800 1305031106.615800 0.019811 0.010542
1305031106.615800 1305031106.645800 1305031106.615800 1305031106.645800 0.025427 0.011802
1305031106.645800 1305031106.675800 1305031106.645800 1305031106.675800 0.018814 0.007889
1305031106.675800 1305031106.715800 1305031106.675800 1305031106.715800 0.043143 0.032852
1305031106.715800 1305031106.745800 1305031106.715800 1305031106.745800 0.028115 0.006038
1305031106.745800 1305031106.775800 1305031106.745800 1305031106.775800 0.019365 0.018803
1305031106.775800 1305031106.815800 1305031106.775800 1305031106.815800 0.038972 0.011705
1305031106.815800 1305031106.845800 1305031106.815800 1305031106.845800 0.029184 0.024117
1305031106.845800 1305031106.876000 1305031106.845800 1305031106.876000 0.033704 0.010254
1305031106.876000 1305031106.915800 1305031106.876000 1305031106.915800 0.023304 0.018432
1305031106.915800 1305031106.945800 1305031106.915800 1305031106.945800 0.050085 0.019598
1305031106.945800 1305031106.975800 1305031106.945800 1305031106.975800 0.021460 0.026429
1305031106.975800 1305031107.015800 1305031106.975800 1305031107.015800 0.042624 0.021294
1305031107.015800 1305031107.045800 1305031107.015800 1305031107.045800 0.046875 0.010361
1305031107.045800 1305031107.075900 1305031107.045800 1305031107.075900 0.026040 0.020550
1305031107.075900 1305031107.115800 1305031107.075900 1305031107.115800 0.023844 0.016840
1305031107.115800 1305031107.145800 1305031107.115800 1305031107.145800 0.027200 0.003497
1305031107.145800 1305031107.175800 1305031107.145800 1305031107.175800 0.034465 0.009403
1305031107.175800 1305031107.215800 1305031107.175800 1305031107.215800 0.027042 0.027768
1305031107.215800 1305031107.245800 1305031107.215800 1305031107.245800 0.018228 0.011634
1305031107.245800 1305031107.275800 1305031107.245800 1305031107.275800 0.026612 0.018374
1305031107.275800 1305031107.315800 1305031107.275800 1305031107.315800 0.027537 0.022137
1305031107.315800 1305031107.345800 1305031107.315800 1305031107.345800 0.011806 0.027746
1305031107.345800 1305031107.375800 1305031107.345800 1305031107.375800 0.024770 0.012026
1305031107.375800 1305031107.415800 1305031107.375800 1305031107.415800 0.022157 0.019455
1305031107.415800 1305031107.445800 1305031107.415800 1305031107.445800 0.003327 0.015145
1305031107.445800 1305031107.475800 1305031107.445800 1305031107.475800 0.012139 0.007760
1305031107.475800 1305031107.515800 1305031107.475800 1305031107.515800 0.012873 0.007073
1305031107.515800 1305031107.545700 1305031107.515800 1305031107.545700 0.011116 0.015241
1305031107.545700 1305031107.575800 1305031107.545700 1305031107.575800 0.005916 0.008546
1305031107.575800 1305031107.615800 1305031107.575800 1305031107.615800 0.022241 0.004762
1305031107.615800 1305031107.645800 1305031107.615800 1305031107.645800 0.008952 0.016196
1305031107.645800 1305031107.675800 1305031107.645800 1305031107.675800 0.008002 0.004913
1305031107.675800 1305031107.715700 1305031107.675800 1305031107.715700 0.006529 0.007531
1305031107.715700 1305031107.745800 1305031107.715700 1305031107.745800 0.005554 0.010144
1305031107.745800 1305031107.775800 1305031107.745800 1305031107.775800 0.007744 0.004065
1305031107.775800 1305031107.815800 1305031107.775800 1305031107.815800 0.002979 0.016317
1305031107.815800 1305031107.845900 1305031107.815800 1305031107.845900 0.002507 0.005956
1305031107.845900 1305031107.875700 1305031107.845900 1305031107.875700 0.005470 0.010636
1305031107.875700 1305031107.915800 1305031107.875700 1305031107.915800 0.015248 0.015013
1305031107.915800 1305031107.945800 1305031107.915800 1305031107.945800 0.013697 0.018820
1305031107.945800 1305031107.975800 1305031107.945800 1305031107.975800 0.014997 0.007341
1305031107.975800 1305031108.015900 1305031107.975800 1305031108.015900 0.022329 0.022922
1305031108.015900 1305031108.045800 1305031108.015900 1305031108.045800 0.018510 0.008510
1305031108.045800 1305031108.075800 1305031108.045800 1305031108.075800 0.018904 0.014759
1305031108.075800 1305031108.115800 1305031108.075800 1305031108.115800 0.032329 0.018279
1305031108.115800 1305031108.145900 1305031108.115800 1305031108.145900 0.021262 0.007918
1305031108.145900 1305031108.175800 1305031108.145900 1305031108.175800 0.017988 0.014089
1305031108.175800 1305031108.215800 1305031108.175800 1305031108.215800 0.031717 0.018964
1305031108.215800 1305031108.245800 1305031108.215800 1305031108.245800 0.023346 0.013321
1305031108.245800 1305031108.275800 1305031108.245800 1305031108.275800 0.023900 0.008798
1305031108.275800 1305031108.315700 1305031108.275800 1305031108.315700 0.032019 0.012109
1305031108.315700 1305031108.345800 1305031108.315700 1305031108.345800 0.024665 0.008453
1305031108.345800 1305031108.375800 1305031108.345800 1305031108.375800 0.014521 0.024109
1305031108.375800 1305031108.415700 1305031108.375800 1305031108.415700 0.037868 0.034003
1305031108.415700 1305031108.445900 1305031108.415700 1305031108.445900 0.013210 0.028360
1305031108.445900 1305031108.475800 1305031108.445900 1305031108.475800 0.024271 0.023242
1305031108.475800 1305031108.515800 1305031108.475800 1305031108.515800 0.035311 0.009706
1305031108.515800 1305031108.545800 1305031108.515800 1305031108.545800 0.026820 0.018731
1305031108.545800 1305031108.575900 1305031108.545800 1305031108.575900 0.025781 0.011499
1305031108.575900 1305031108.615700 1305031108.575900 1305031108.615700 0.031508 0.018412
1305031108.615700 1305031108.645700 1305031108.615700 1305031108.645700 0.012304 0.018513
1305031108.645700 1305031108.675700 1305031108.645700 1305031108.675700 0.030038 0.019049
1305031108.675700 1305031108.715800 1305031108.675700 1305031108.715800 0.028203 0.026025
1305031108.715800 1305031108.745800 1305031108.715800 1305031108.745800 0.023820 0.008792
1305031108.745800 1305031108.775800 1305031108.745800 1305031108.775800 0.010210 0.018572
1305031108.775800 1305031108.815900 1305031108.775800 1305031108.815900 0.021092 0.012367
1305031108.815900 1305031108.825700 1305031108.815900 1305031108.825700 0.009775 0.007442
1305031108.825700 1305031108.835700 1305031108.825700 1305031108.835700 0.008210 0.004946
1305031108.835700 1305031108.945800 1305031108.835700 1305031108.945800 0.020163 0.069158
1305031108.945800 1305031108.955800 1305031108.945800 1305031108.955800 0.006751 0.005130
1305031108.955800 1305031108.975800 1305031108.955800 1305031108.975800 0.013360 0.006683
1305031108.975800 1305031109.015700 1305031108.975800 1305031109.015700 0.026277 0.011655
1305031109.015700 1305031109.045800 1305031109.015700 1305031109.045800 0.013049 0.009795
1305031109.045800 1305031109.075700 1305031109.045800 1305031109.075700 0.018794 0.012120
1305031109.075700 1305031109.115700 1305031109.075700 1305031109.115700 0.014261 0.004872
1305031109.115700 1305031109.145700 1305031109.115700 1305031109.145700 0.022944 0.009056
1305031109.145700 1305031109.175700 1305031109.145700 1305031109.175700 0.021071 0.017396
1305031109.175700 1305031109.215700 1305031109.175700 1305031109.215700 0.025441 0.031301
1305031109.215700 1305031109.245700 1305031109.215700 1305031109.245700 0.022592 0.022992
1305031109.245700 1305031109.275700 1305031109.245700 1305031109.275700 0.018535 0.017283
1305031109.275700 1305031109.315700 1305031109.275700 1305031109.315700 0.039631 0.025105
1305031109.315700 1305031109.345700 1305031109.315700 1305031109.345700 0.031178 0.027421
1305031109.345700 1305031109.375700 1305031109.345700 1305031109.375700 0.022841 0.013216
1305031109.375700 1305031109.415800 1305031109.375700 1305031109.415800 0.033850 0.016789
1305031109.415800 1305031109.445700 1305031109.415800 1305031109.445700 0.025873 0.006376
1305031109.445700 1305031109.475800 1305031109.445700 1305031109.475800 0.020267 0.016233
1305031109.475800 1305031109.515800 1305031109.475800 1305031109.515800 0.029935 0.011519
1305031109.515800 1305031109.545800 1305031109.515800 1305031109.545800 0.034208 0.010880
1305031109.545800 1305031109.575700 1305031109.545800 1305031109.575700 0.022723 0.006745
1305031109.575700 1305031109.615800 1305031109.575700 1305031109.615800 0.028935 0.006900
1305031109.615800 1305031109.645700 1305031109.615800 1305031109.645700 0.024029 0.005992
1305031109.645700 1305031109.675700 1305031109.645700 1305031109.675700 0.010617 0.007769
1305031109.675700 1305031109.715700 1305031109.675700 1305031109.715700 0.039990 0.018570
1305031109.715700 1305031109.745700 1305031109.715700 1305031109.745700 0.018760 0.007489
1305031109.745700 1305031109.775800 1305031109.745700 1305031109.775800 0.017174 0.006482
1305031109.775800 1305031109.815700 1305031109.775800 1305031109.815700 0.040870 0.018961
1305031109.815700 1305031109.845700 1305031109.815700 1305031109.845700 0.016243 0.007925
1305031109.845700 1305031109.875800 1305031109.845700 1305031109.875800 0.026521 0.006532
1305031109.875800 1305031109.915800 1305031109.875800 1305031109.915800 0.028506 0.006207
1305031109.915800 1305031109.945700 1305031109.915800 1305031109.945700 0.028898 0.005862
1305031109.945700 1305031109.975800 1305031109.945700 1305031109.975800 0.017237 0.010812
1305031109.975800 1305031110.015700 1305031109.975800 1305031110.015700 0.034935 0.022628
1305031110.015700 1305031110.045700 1305031110.015700 1305031110.045700 0.023399 0.009007
1305031110.045700 1305031110.075700 1305031110.045700 1305031110.075700 0.024685 0.016145
1305031110.075700 1305031110.115700 1305031110.075700 1305031110.115700 0.022585 0.009326
1305031110.115700 1305031110.145800 1305031110.115700 1305031110.145800 0.022113 0.011157
1305031110.145800 1305031110.175700 1305031110.145800 1305031110.175700 0.022095 0.007882
1305031110.175700 1305031110.215800 1305031110.175700 1305031110.215800 0.020983 0.008819
1305031110.215800 1305031110.245700 1305031110.215800 1305031110.245700 0.022800 0.006842
1305031110.245700 1305031110.275700 1305031110.245700 1305031110.275700 0.017036 0.009900
1305031110.275700 1305031110.315700 1305031110.275700 1305031110.315700 0.022878 0.019495
1305031110.315700 1305031110.345700 1305031110.315700 1305031110.345700 0.016927 0.011155
1305031110.345700 1305031110.375700 1305031110.345700 1305031110.375700 0.023571 0.021022
1305031110.375700 1305031110.415700 1305031110.375700 1305031110.415700 0.028772 0.011640
1305031110.415700 1305031110.445700 1305031110.415700 1305031110.445700 0.016597 0.011624
1305031110.445700 1305031110.475700 1305031110.445700 1305031110.475700 0.025514 0.018288
1305031110.475700 1305031110.515700 1305031110.475700 1305031110.515700 0.023595 0.014165
1305031110.515700 1305031110.545700 1305031110.515700 1305031110.545700 0.025543 0.011399
1305031110.545700 1305031110.575700 1305031110.545700 1305031110.575700 0.020066 0.005092
1305031110.575700 1305031110.615700 1305031110.575700 1305031110.615700 0.016902 0.008183
1305031110.615700 1305031110.645700 1305031110.615700 1305031110.645700 0.026487 0.010686
1305031110.645700 1305031110.675700 1305031110.645700 1305031110.675700 0.012722 0.004929
1305031110.675700 1305031110.715700 1305031110.675700 1305031110.715700 0.024106 0.003817
1305031110.715700 1305031110.745700 1305031110.715700 1305031110.745700 0.007299 0.004468
1305031110.745700 1305031110.775800 1305031110.745700 1305031110.775800 0.018740 0.005775
1305031110.775800 1305031110.815700 1305031110.775800 1305031110.815700 0.007460 0.005027
1305031110.815700 1305031110.845700 1305031110.815700 1305031110.845700 0.006190 0.008358
1305031110.845700 1305031110.875700 1305031110.845700 1305031110.875700 0.007728 0.007974
1305031110.875700 1305031110.915800 1305031110.875700 1305031110.915800 0.010062 0.003683
1305031110.915800 1305031110.945700 1305031110.915800 1305031110.945700 0.011441 0.013792
1305031110.945700 1305031110.975700 1305031110.945700 1305031110.975700 0.003137 0.004965
1305031110.975700 1305031111.015700 1305031110.975700 1305031111.015700 0.013529 0.015647
1305031111.015700 1305031111.045800 1305031111.015700 1305031111.045800 0.020924 0.011623
1305031111.045800 1305031111.075700 1305031111.045800 1305031111.075700 0.021538 0.006492
1305031111.075700 1305031111.115700 1305031111.075700 1305031111.115700 0.016666 0.007337
1305031111.115700 1305031111.145700 1305031111.115700 1305031111.145700 0.023404 0.005411
1305031111.145700 1305031111.175700 1305031111.145700 1305031111.175700 0.018377 0.013708
1305031111.175700 1305031111.215700 1305031111.175700 1305031111.215700 0.024718 0.021450
1305031111.215700 1305031111.245800 1305031111.215700 1305031111.245800 0.034039 0.010474
1305031111.245800 1305031111.275700 1305031111.245800 1305031111.275700 0.015828 0.006628
1305031111.275700 1305031111.315700 1305031111.275700 1305031111.315700 0.021732 0.013603
1305031111.315700 1305031111.345700 1305031111.315700 1305031111.345700 0.033502 0.020882
1305031111.345700 1305031111.375700 1305031111.345700 1305031111.375700 0.013617 0.010870
1305031111.375700 1305031111.415700 1305031111.375700 1305031111.415700 0.034657 0.011059
1305031111.415700 1305031111.445700 1305031111.415700 1305031111.445700 0.037450 0.023925
1305031111.445700 1305031111.476000 1305031111.445700 1305031111.476000 0.013005 0.016956
1305031111.476000 1305031111.515700 1305031111.476000 1305031111.515700 0.046013 0.030393
1305031111.515700 1305031111.545800 1305031111.515700 1305031111.545800 0.013554 0.010241
1305031111.545800 1305031111.575800 1305031111.545800 1305031111.575800 0.032784 0.014146
1305031111.575800 1305031111.615700 1305031111.575800 1305031111.615700 0.045029 0.022436
1305031111.615700 1305031111.645700 1305031111.615700 1305031111.645700 0.004502 0.015930
1305031111.645700 1305031111.675700 1305031111.645700 1305031111.675700 0.033383 0.026438
1305031111.675700 1305031111.715700 1305031111.675700 1305031111.715700 0.037678 0.017706
1305031111.715700 1305031111.745700 1305031111.715700 1305031111.745700 0.014448 0.026385
1305031111.745700 1305031111.775700 1305031111.745700 1305031111.775700 0.046105 0.031860
1305031111.775700 1305031111.815700 1305031111.775700 1305031111.815700 0.038567 0.043218
1305031111.815700 1305031111.845800 1305031111.815700 1305031111.845800 0.018330 0.019566
1305031111.845800 1305031111.875700 1305031111.845800 1305031111.875700 0.036498 0.012163
1305031111.875700 1305031111.915700 1305031111.875700 1305031111.915700 0.023992 0.015181
1305031111.915700 1305031111.945700 1305031111.915700 1305031111.945700 0.027206 0.027077
1305031111.945700 1305031111.975800 1305031111.945700 1305031111.975800 0.015978 0.029872
1305031111.975800 1305031112.015700 1305031111.975800 1305031112.015700 0.029234 0.020878
1305031112.015700 1305031112.045800 1305031112.015700 1305031112.045800 0.026495 0.021386
1305031112.045800 1305031112.075700 1305031112.045800 1305031112.075700 0.029343 0.021237
1305031112.075700 1305031112.115700 1305031112.075700 1305031112.115700 0.024256 0.048346
1305031112.115700 1305031112.145700 1305031112.115700 1305031112.145700 0.018751 0.016730
1305031112.145700 1305031112.175700 1305031112.145700 1305031112.175700 0.036273 0.034299
1305031112.175700 1305031112.215800 1305031112.175700 1305031112.215800 0.029399 0.047751
1305031112.215800 1305031112.245700 1305031112.215800 1305031112.245700 0.030651 0.036286
1305031112.245700 1305031112.275700 1305031112.245700 1305031112.275700 0.018634 0.022172
1305031112.275700 1305031112.315700 1305031112.275700 1305031112.315700 0.029498 0.020397
1305031112.315700 1305031112.345800 1305031112.315700 1305031112.345800 0.022199 0.020343
1305031112.345800 1305031112.375700 1305031112.345800 1305031112.375700 0.023190 0.011128
1305031112.375700 1305031112.415700 1305031112.375700 1305031112.415700 0.024905 0.026756
1305031112.415700 1305031112.445700 1305031112.415700 1305031112.445700 0.031616 0.021462
1305031112.445700 1305031112.475700 1305031112.445700 1305031112.475700 0.014048 0.023830
1305031112.475700 1305031112.515700 1305031112.475700 1305031112.515700 0.025148 0.033807
1305031112.515700 1305031112.545900 1305031112.515700 1305031112.545900 0.016398 0.021379
1305031112.545900 1305031112.575700 1305031112.545900 1305031112.575700 0.020297 0.019753
1305031112.575700 1305031112.615700 1305031112.575700 1305031112.615700 0.013733 0.029126
1305031112.615700 1305031112.645800 1305031112.615700 1305031112.645800 0.016387 0.023628
1305031112.645800 1305031112.675800 1305031112.645800 1305031112.675800 0.016746 0.015105
1305031112.675800 1305031112.715700 1305031112.675800 1305031112.715700 0.019620 0.028613
1305031112.715700 1305031112.745700 1305031112.715700 1305031112.745700 0.010118 0.013209
1305031112.745700 1305031112.775700 1305031112.745700 1305031112.775700 0.008079 0.016860
1305031112.775700 1305031112.815700 1305031112.775700 1305031112.815700 0.010091 0.007047
1305031112.815700 1305031112.845700 1305031112.815700 1305031112.845700 0.010284 0.013758
1305031112.845700 1305031112.875700 1305031112.845700 1305031112.875700 0.014016 0.011470
1305031112.875700 1305031112.915700 1305031112.875700 1305031112.915700 0.015932 0.023978
1305031112.915700 1305031112.945700 1305031112.915700 1305031112.945700 0.009196 0.004813
1305031112.945700 1305031112.975700 1305031112.945700 1305031112.975700 0.019886 0.010053
1305031112.975700 1305031113.015700 1305031112.975700 1305031113.015700 0.026556 0.018995
1305031113.015700 1305031113.045800 1305031113.015700 1305031113.045800 0.013744 0.005879
1305031113.045800 1305031113.075700 1305031113.045800 1305031113.075700 0.021304 0.016679
1305031113.075700 1305031113.115700 1305031113.075700 1305031113.115700 0.028873 0.015157
1305031113.115700 1305031113.145700 1305031113.115700 1305031113.145700 0.024750 0.007305
1305031113.145700 1305031113.175700 1305031113.145700 1305031113.175700 0.013241 0.010515
1305031113.175700 1305031113.215900 1305031113.175700 1305031113.215900 0.035064 0.016901
1305031113.215900 1305031113.245700 1305031113.215900 1305031113.245700 0.032817 0.023961
1305031113.245700 1305031113.275700 1305031113.245700 1305031113.275700 0.021869 0.016792
1305031113.275700 1305031113.315700 1305031113.275700 1305031113.315700 0.039055 0.031707
1305031113.315700 1305031113.345700 1305031113.315700 1305031113.345700 0.035371 0.027759
1305031113.345700 1305031113.375700 1305031113.345700 1305031113.375700 0.019365 0.022357
1305031113.375700 1305031113.415700 1305031113.375700 1305031113.415700 0.044246 0.022804
1305031113.415700 1305031113.445700 1305031113.415700 1305031113.445700 0.036643 0.013932
1305031113.445700 1305031113.475700 1305031113.445700 1305031113.475700 0.027366 0.009608
1305031113.475700 1305031113.515700 1305031113.475700 1305031113.515700 0.048527 0.004109
1305031113.515700 1305031113.545700 1305031113.515700 1305031113.545700 0.026908 0.014322
1305031113.545700 1305031113.575700 1305031113.545700 1305031113.575700 0.035132 0.013589
1305031113.575700 1305031113.615800 1305031113.575700 1305031113.615800 0.030097 0.007387
1305031113.615800 1305031113.645700 1305031113.615800 1305031113.645700 0.026184 0.014761
1305031113.645700 1305031113.675700 1305031113.645700 1305031113.675700 0.028930 0.008918
1305031113.675700 1305031113.715700 1305031113.675700 1305031113.715700 0.027602 0.017793
1305031113.715700 1305031113.745800 1305031113.715700 1305031113.745800 0.025122 0.016915
1305031113.745800 1305031113.775700 1305031113.745800 1305031113.775700 0.023363 0.022085
1305031113.775700 1305031113.815700 1305031113.775700 1305031113.815700 0.033548 0.011938
1305031113.815700 1305031113.845700 1305031113.815700 1305031113.845700 0.016521 0.010546
1305031113.845700 1305031113.875700 1305031113.845700 1305031113.875700 0.030421 0.019319
1305031113.875700 1305031113.915700 1305031113.875700 1305031113.915700 0.039049 0.008426
1305031113.915700 1305031113.945700 1305031113.915700 1305031113.945700 0.019479 0.011938
1305031113.945700 1305031113.975700 1305031113.945700 1305031113.975700 0.027089 0.024209
1305031113.975700 1305031114.015700 1305031113.975700 1305031114.015700 0.029049 0.027758
1305031114.015700 1305031114.045700 1305031114.015700 1305031114.045700 0.023155 0.014224
1305031114.045700 1305031114.075700 1305031114.045700 1305031114.075700 0.022908 0.015702
1305031114.075700 1305031114.115700 1305031114.075700 1305031114.115700 0.036391 0.021555
1305031114.115700 1305031114.145700 1305031114.115700 1305031114.145700 0.018482 0.022238
1305031114.145700 1305031114.175700 1305031114.145700 1305031114.175700 0.027832 0.007565
1305031114.175700 1305031114.215700 1305031114.175700 1305031114.215700 0.028651 0.009902
1305031114.215700 1305031114.245600 1305031114.215700 1305031114.245600 0.019696 0.012667
1305031114.245600 1305031114.275700 1305031114.245600 1305031114.275700 0.026772 0.011589
1305031114.275700 1305031114.315700 1305031114.275700 1305031114.315700 0.029196 0.031421
1305031114.315700 1305031114.345700 1305031114.315700 1305031114.345700 0.023006 0.008415
1305031114.345700 1305031114.375700 1305031114.345700 1305031114.375700 0.017629 0.012131
1305031114.375700 1305031114.415700 1305031114.375700 1305031114.415700 0.023889 0.012514
1305031114.415700 1305031114.445600 1305031114.415700 1305031114.445600 0.024871 0.013432
1305031114.445600 1305031114.475700 1305031114.445600 1305031114.475700 0.020404 0.011796
1305031114.475700 1305031114.515700 1305031114.475700 1305031114.515700 0.026904 0.022890
1305031114.515700 1305031114.545700 1305031114.515700 1305031114.545700 0.010711 0.020073
1305031114.545700 1305031114.575600 1305031114.545700 1305031114.575600 0.015820 0.016935
1305031114.575600 1305031114.615700 1305031114.575600 1305031114.615700 0.011660 0.012288
1305031114.615700 1305031114.645600 1305031114.615700 1305031114.645600 0.013646 0.017731
1305031114.645600 1305031114.675700 1305031114.645600 1305031114.675700 0.004286 0.008277
1305031114.675700 1305031114.715700 1305031114.675700 1305031114.715700 0.012472 0.019300
1305031114.715700 1305031114.745700 1305031114.715700 1305031114.745700 0.010971 0.009115
1305031114.745700 1305031114.775700 1305031114.745700 1305031114.775700 0.011650 0.007510
1305031114.775700 1305031114.815600 1305031114.775700 1305031114.815600 0.015501 0.009867
1305031114.815600 1305031114.845700 1305031114.815600 1305031114.845700 0.002985 0.006610
1305031114.845700 1305031114.875700 1305031114.845700 1305031114.875700 0.011530 0.006146
1305031114.875700 1305031114.915700 1305031114.875700 1305031114.915700 0.011220 0.002615
1305031114.915700 1305031114.945600 1305031114.915700 1305031114.945600 0.013276 0.003735
1305031114.945600 1305031114.975700 1305031114.945600 1305031114.975700 0.013408 0.006825
1305031114.975700 1305031115.015700 1305031114.975700 1305031115.015700 0.019958 0.018519
1305031115.015700 1305031115.045700 1305031115.015700 1305031115.045700 0.018587 0.007805
1305031115.045700 1305031115.075600 1305031115.045700 1305031115.075600 0.011870 0.007386
1305031115.075600 1305031115.115700 1305031115.075600 1305031115.115700 0.038491 0.024060
1305031115.115700 1305031115.145700 1305031115.115700 1305031115.145700 0.017627 0.029338
1305031115.145700 1305031115.175600 1305031115.145700 1305031115.175600 0.032626 0.004668
1305031115.175600 1305031115.215700 1305031115.175600 1305031115.215700 0.032971 0.012321
1305031115.215700 1305031115.245700 1305031115.215700 1305031115.245700 0.028252 0.007034
1305031115.245700 1305031115.275700 1305031115.245700 1305031115.275700 0.027711 0.014692
1305031115.275700 1305031115.315600 1305031115.275700 1305031115.315600 0.045957 0.018429
1305031115.315600 1305031115.345600 1305031115.315600 1305031115.345600 0.027369 0.018886
1305031115.345600 1305031115.375700 1305031115.345600 1305031115.375700 0.038923 0.018331
1305031115.375700 1305031115.415700 1305031115.375700 1305031115.415700 0.037317 0.026832
1305031115.415700 1305031115.445700 1305031115.415700 1305031115.445700 0.030270 0.028502
1305031115.445700 1305031115.475600 1305031115.445700 1305031115.475600 0.031677 0.023085
1305031115.475600 1305031115.515600 1305031115.475600 1305031115.515600 0.037969 0.037663
1305031115.515600 1305031115.545700 1305031115.515600 1305031115.545700 0.043500 0.022630
1305031115.545700 1305031115.575700 1305031115.545700 1305031115.575700 0.030621 0.029079
1305031115.575700 1305031115.615700 1305031115.575700 1305031115.615700 0.046338 0.016113
1305031115.615700 1305031115.645700 1305031115.615700 1305031115.645700 0.026651 0.015461
1305031115.645700 1305031115.675700 1305031115.645700 1305031115.675700 0.030196 0.016798
1305031115.675700 1305031115.715700 1305031115.675700 1305031115.715700 0.046813 0.037931
1305031115.715700 1305031115.745700 1305031115.715700 1305031115.745700 0.024792 0.024720
1305031115.745700 1305031115.775700 1305031115.745700 1305031115.775700 0.026236 0.012435
1305031115.775700 1305031115.815600 1305031115.775700 1305031115.815600 0.037578 0.023847
1305031115.815600 1305031115.845700 1305031115.815600 1305031115.845700 0.034044 0.035016
1305031115.845700 1305031115.875600 1305031115.845700 1305031115.875600 0.025603 0.008558
1305031115.875600 1305031115.915600 1305031115.875600 1305031115.915600 0.029695 0.013646
1305031115.915600 1305031115.945700 1305031115.915600 1305031115.945700 0.036516 0.016316
1305031115.945700 1305031115.985700 1305031115.945700 1305031115.985700 0.021094 0.023552
1305031115.985700 1305031116.015600 1305031115.985700 1305031116.015600 0.032333 0.027388
1305031116.015600 1305031116.045700 1305031116.015600 1305031116.045700 0.032369 0.024595
1305031116.045700 1305031116.075700 1305031116.045700 1305031116.075700 0.019092 0.038460
1305031116.075700 1305031116.115700 1305031116.075700 1305031116.115700 0.040808 0.040006
1305031116.115700 1305031116.145700 1305031116.115700 1305031116.145700 0.023458 0.035107
1305031116.145700 1305031116.175700 1305031116.145700 1305031116.175700 0.012497 0.018156
1305031116.175700 1305031116.215700 1305031116.175700 1305031116.215700 0.028675 0.025660
1305031116.215700 1305031116.245700 1305031116.215700 1305031116.245700 0.017613 0.022228
1305031116.245700 1305031116.275700 1305031116.245700 1305031116.275700 0.018043 0.011748
1305031116.275700 1305031116.315600 1305031116.275700 1305031116.315600 0.027611 0.035154
1305031116.315600 1305031116.345700 1305031116.315600 1305031116.345700 0.015452 0.010712
1305031116.345700 1305031116.375700 1305031116.345700 1305031116.375700 0.009937 0.019788
1305031116.375700 1305031116.415700 1305031116.375700 1305031116.415700 0.008191 0.015363
1305031116.415700 1305031116.445600 1305031116.415700 1305031116.445600 0.015562 0.030407
1305031116.445600 1305031116.475700 1305031116.445600 1305031116.475700 0.004188 0.018025
1305031116.475700 1305031116.515700 1305031116.475700 1305031116.515700 0.007328 0.021320
1305031116.515700 1305031116.545600 1305031116.515700 1305031116.545600 0.005920 0.015711
1305031116.545600 1305031116.575700 1305031116.545600 1305031116.575700 0.019262 0.014938
1305031116.575700 1305031116.615700 1305031116.575700 1305031116.615700 0.025344 0.026526
1305031116.615700 1305031116.645700 1305031116.615700 1305031116.645700 0.023870 0.025854
1305031116.645700 1305031116.675600 1305031116.645700 1305031116.675600 0.011710 0.016320
1305031116.675600 1305031116.715700 1305031116.675600 1305031116.715700 0.041437 0.031104
1305031116.715700 1305031116.745700 1305031116.715700 1305031116.745700 0.024773 0.028170
1305031116.745700 1305031116.775700 1305031116.745700 1305031116.775700 0.026267 0.015618
1305031116.775700 1305031116.815600 1305031116.775700 1305031116.815600 0.043319 0.042305
1305031116.815600 1305031116.845600 1305031116.815600 1305031116.845600 0.018934 0.029249
1305031116.845600 1305031116.875700 1305031116.845600 1305031116.875700 0.035518 0.013872
1305031116.875700 1305031116.915700 1305031116.875700 1305031116.915700 0.035499 0.020114
1305031116.915700 1305031116.945600 1305031116.915700 1305031116.945600 0.033358 0.039792
1305031116.945600 1305031116.975600 1305031116.945600 1305031116.975600 0.018432 0.026144
1305031116.975600 1305031117.015700 1305031116.975600 1305031117.015700 0.038990 0.043370
1305031117.015700 1305031117.045700 1305031117.015700 1305031117.045700 0.037226 0.022242
1305031117.045700 1305031117.075700 1305031117.045700 1305031117.075700 0.021558 0.021673
1305031117.075700 1305031117.115900 1305031117.075700 1305031117.115900 0.029397 0.028184
1305031117.115900 1305031117.145700 1305031117.115900 1305031117.145700 0.024957 0.021518
1305031117.145700 1305031117.175600 1305031117.145700 1305031117.175600 0.011649 0.012152
1305031117.175600 1305031117.215700 1305031117.175600 1305031117.215700 0.019693 0.024298
1305031117.215700 1305031117.245600 1305031117.215700 1305031117.245600 0.018741 0.009690
1305031117.245600 1305031117.275600 1305031117.245600 1305031117.275600 0.015273 0.013178
1305031117.275600 1305031117.315600 1305031117.275600 1305031117.315600 0.010642 0.017414
1305031117.315600 1305031117.345700 1305031117.315600 1305031117.345700 0.013018 0.004776
1305031117.345700 1305031117.375700 1305031117.345700 1305031117.375700 0.006165 0.005322
1305031117.375700 1305031117.415600 1305031117.375700 1305031117.415600 0.008964 0.019429
1305031117.415600 1305031117.445600 1305031117.415600 1305031117.445600 0.007505 0.011532
1305031117.445600 1305031117.475700 1305031117.445600 1305031117.475700 0.010003 0.009689
1305031117.475700 1305031117.515600 1305031117.475700 1305031117.515600 0.010949 0.009299
1305031117.515600 1305031117.545600 1305031117.515600 1305031117.545600 0.015358 0.017616
1305031117.545600 1305031117.575700 1305031117.545600 1305031117.575700 0.009103 0.009730
1305031117.575700 1305031117.615700 1305031117.575700 1305031117.615700 0.013463 0.016616
1305031117.615700 1305031117.645700 1305031117.615700 1305031117.645700 0.021104 0.009123
1305031117.645700 1305031117.675600 1305031117.645700 1305031117.675600 0.010538 0.011408
1305031117.675600 1305031117.715600 1305031117.675600 1305031117.715600 0.012563 0.012402
1305031117.715600 1305031117.745700 1305031117.715600 1305031117.745700 0.023248 0.017543
1305031117.745700 1305031117.775700 1305031117.745700 1305031117.775700 0.018193 0.007826
1305031117.775700 1305031117.815600 1305031117.775700 1305031117.815600 0.011346 0.017807
1305031117.815600 1305031117.845700 1305031117.815600 1305031117.845700 0.018015 0.008444
1305031117.845700 1305031117.875700 1305031117.845700 1305031117.875700 0.017099 0.008941
1305031117.875700 1305031117.915600 1305031117.875700 1305031117.915600 0.016728 0.012375
1305031117.915600 1305031117.945600 1305031117.915600 1305031117.945600 0.028060 0.007870
1305031117.945600 1305031117.975600 1305031117.945600 1305031117.975600 0.005760 0.008270
1305031117.975600 1305031118.015700 1305031117.975600 1305031118.015700 0.013709 0.009604
1305031118.015700 1305031118.045700 1305031118.015700 1305031118.045700 0.033392 0.007942
1305031118.045700 1305031118.075700 1305031118.045700 1305031118.075700 0.015012 0.006783
1305031118.075700 1305031118.115600 1305031118.075700 1305031118.115600 0.019298 0.019805
1305031118.115600 1305031118.145700 1305031118.115600 1305031118.145700 0.016475 0.012147
1305031118.145700 1305031118.175600 1305031118.145700 1305031118.175600 0.009695 0.013937
1305031118.175600 1305031118.215600 1305031118.175600 1305031118.215600 0.015003 0.009723
1305031118.215600 1305031118.245600 1305031118.215600 1305031118.245600 0.019028 0.008452
1305031118.245600 1305031118.275700 1305031118.245600 1305031118.275700 0.013021 0.007793
1305031118.275700 1305031118.315600 1305031118.275700 1305031118.315600 0.015485 0.026575
1305031118.315600 1305031118.345700 1305031118.315600 1305031118.345700 0.016624 0.011081
1305031118.345700 1305031118.375600 1305031118.345700 1305031118.375600 0.017206 0.017099
1305031118.375600 1305031118.415600 1305031118.375600 1305031118.415600 0.015634 0.018139
1305031118.415600 1305031118.445700 1305031118.415600 1305031118.445700 0.012920 0.010491
1305031118.445700 1305031118.475700 1305031118.445700 1305031118.475700 0.009262 0.008678
1305031118.475700 1305031118.515600 1305031118.475700 1305031118.515600 0.015234 0.007499
1305031118.515600 1305031118.545600 1305031118.515600 1305031118.545600 0.002828 0.003479
1305031118.545600 1305031118.575600 1305031118.545600 1305031118.575600 0.008317 0.006831
1305031118.575600 1305031118.615600 1305031118.575600 1305031118.615600 0.002522 0.012348
1305031118.615600 1305031118.645600 1305031118.615600 1305031118.645600 0.006923 0.011580
1305031118.645600 1305031118.675600 1305031118.645600 1305031118.675600 0.011165 0.005574
1305031118.675600 1305031118.715600 1305031118.675600 1305031118.715600 0.017023 0.016462
1305031118.715600 1305031118.745600 1305031118.715600 1305031118.745600 0.008074 0.019167
1305031118.745600 1305031118.775600 1305031118.745600 1305031118.775600 0.018292 0.020056
1305031118.775600 1305031118.815600 1305031118.775600 1305031118.815600 0.019259 0.016157
1305031118.815600 1305031118.845600 1305031118.815600 1305031118.845600 0.019398 0.011108
1305031118.845600 1305031118.875600 1305031118.845600 1305031118.875600 0.018856 0.010624
1305031118.875600 1305031118.915600 1305031118.875600 1305031118.915600 0.035225 0.012805
1305031118.915600 1305031118.945600 1305031118.915600 1305031118.945600 0.015002 0.015095
1305031118.945600 1305031118.975600 1305031118.945600 1305031118.975600 0.023934 0.005184
1305031118.975600 1305031119.015700 1305031118.975600 1305031119.015700 0.030462 0.009287
1305031119.015700 1305031119.045600 1305031119.015700 1305031119.045600 0.014316 0.006077
1305031119.045600 1305031119.075700 1305031119.045600 1305031119.075700 0.019784 0.015255
1305031119.075700 1305031119.115600 1305031119.075700 1305031119.115600 0.024040 0.012872
1305031119.115600 1305031119.145700 1305031119.115600 1305031119.145700 0.018354 0.011070
1305031119.145700 1305031119.175700 1305031119.145700 1305031119.175700 0.013977 0.020287
1305031119.175700 1305031119.215600 1305031119.175700 1305031119.215600 0.021840 0.008401
1305031119.215600 1305031119.245700 1305031119.215600 1305031119.245700 0.014901 0.007580
1305031119.245700 1305031119.275600 1305031119.245700 1305031119.275600 0.017096 0.007364
1305031119.275600 1305031119.315600 1305031119.275600 1305031119.315600 0.023488 0.009120
1305031119.315600 1305031119.345700 1305031119.315600 1305031119.345700 0.009555 0.006402
1305031119.345700 1305031119.375600 1305031119.345700 1305031119.375600 0.015557 0.006856
1305031119.375600 1305031119.415600 1305031119.375600 1305031119.415600 0.035351 0.008808
1305031119.415600 1305031119.445600 1305031119.415600 1305031119.445600 0.010691 0.006247
1305031119.445600 1305031119.475600 1305031119.445600 1305031119.475600 0.016184 0.015612
1305031119.475600 1305031119.515700 1305031119.475600 1305031119.515700 0.013934 0.007435
1305031119.515700 1305031119.545600 1305031119.515700 1305031119.545600 0.036053 0.008268
1305031119.545600 1305031119.575600 1305031119.545600 1305031119.575600 0.004607 0.008403
1305031119.575600 1305031119.615600 1305031119.575600 1305031119.615600 0.013520 0.009569
1305031119.615600 1305031119.645600 1305031119.615600 1305031119.645600 0.018212 0.013667
1305031119.645600 1305031119.675600 1305031119.645600 1305031119.675600 0.007177 0.010630
1305031119.675600 1305031119.715700 1305031119.675600 1305031119.715700 0.019386 0.026358
1305031119.715700 1305031119.745700 1305031119.715700 1305031119.745700 0.010089 0.019503
1305031119.745700 1305031119.775600 1305031119.745700 1305031119.775600 0.008093 0.004351
1305031119.775600 1305031119.815600 1305031119.775600 1305031119.815600 0.010419 0.023643
1305031119.815600 1305031119.845600 1305031119.815600 1305031119.845600 0.018305 0.016926
1305031119.845600 1305031119.875700 1305031119.845600 1305031119.875700 0.002304 0.012985
1305031119.875700 1305031119.915500 1305031119.875700 1305031119.915500 0.018218 0.011423
1305031119.915500 1305031119.945600 1305031119.915500 1305031119.945600 0.006722 0.006658
1305031119.945600 1305031119.975600 1305031119.945600 1305031119.975600 0.012499 0.016535
1305031119.975600 1305031120.015600 1305031119.975600 1305031120.015600 0.010422 0.027306
1305031120.015600 1305031120.045600 1305031120.015600 1305031120.045600 0.012675 0.016355
1305031120.045600 1305031120.075600 1305031120.045600 1305031120.075600 0.008326 0.010997
1305031120.075600 1305031120.115600 1305031120.075600 1305031120.115600 0.006142 0.010569
1305031120.115600 1305031120.145600 1305031120.115600 1305031120.145600 0.014395 0.009825
1305031120.145600 1305031120.175600 1305031120.145600 1305031120.175600 0.012525 0.008411
1305031120.175600 1305031120.215600 1305031120.175600 1305031120.215600 0.005968 0.018949
1305031120.215600 1305031120.245600 1305031120.215600 1305031120.245600 0.008629 0.009077
1305031120.245600 1305031120.275700 1305031120.245600 1305031120.275700 0.005144 0.009032
1305031120.275700 1305031120.315600 1305031120.275700 1305031120.315600 0.018892 0.015976
1305031120.315600 1305031120.345600 1305031120.315600 1305031120.345600 0.008913 0.005391
1305031120.345600 1305031120.375600 1305031120.345600 1305031120.375600 0.012480 0.002963
1305031120.375600 1305031120.415600 1305031120.375600 1305031120.415600 0.008551 0.026571
1305031120.415600 1305031120.445600 1305031120.415600 1305031120.445600 0.033858 0.013042
1305031120.445600 1305031120.475600 1305031120.445600 1305031120.475600 0.008106 0.006075
1305031120.475600 1305031120.515600 1305031120.475600 1305031120.515600 0.023941 0.026069
1305031120.515600 1305031120.545600 1305031120.515600 1305031120.545600 0.012970 0.026533
1305031120.545600 1305031120.575600 1305031120.545600 1305031120.575600 0.012179 0.018856
1305031120.575600 1305031120.615600 1305031120.575600 1305031120.615600 0.024344 0.029136
1305031120.615600 1305031120.645600 1305031120.615600 1305031120.645600 0.023305 0.022107
1305031120.645600 1305031120.675700 1305031120.645600 1305031120.675700 0.007176 0.014946
1305031120.675700 1305031120.715600 1305031120.675700 1305031120.715600 0.025507 0.014615
1305031120.715600 1305031120.745700 1305031120.715600 1305031120.745700 0.014274 0.013853
1305031120.745700 1305031120.775600 1305031120.745700 1305031120.775600 0.013589 0.007870
1305031120.775600 1305031120.815600 1305031120.775600 1305031120.815600 0.028935 0.002897
1305031120.815600 1305031120.845600 1305031120.815600 1305031120.845600 0.016197 0.005349
1305031120.845600 1305031120.885600 1305031120.845600 1305031120.885600 0.028684 0.014115
1305031120.885600 1305031120.915600 1305031120.885600 1305031120.915600 0.003154 0.010083
1305031120.915600 1305031120.945700 1305031120.915600 1305031120.945700 0.009043 0.005441
1305031120.945700 1305031120.985600 1305031120.945700 1305031120.985600 0.024934 0.012384
1305031120.985600 1305031121.015600 1305031120.985600 1305031121.015600 0.024338 0.006503
1305031121.015600 1305031121.045600 1305031121.015600 1305031121.045600 0.003367 0.001937
1305031121.045600 1305031121.085600 1305031121.045600 1305031121.085600 0.013911 0.013646
1305031121.085600 1305031121.115600 1305031121.085600 1305031121.115600 0.016654 0.003196
1305031121.115600 1305031121.145600 1305031121.115600 1305031121.145600 0.009574 0.008287
1305031121.145600 1305031121.185600 1305031121.145600 1305031121.185600 0.009676 0.009942
1305031121.185600 1305031121.215600 1305031121.185600 1305031121.215600 0.015894 0.003511
1305031121.215600 1305031121.245600 1305031121.215600 1305031121.245600 0.014639 0.011576
1305031121.245600 1305031121.285600 1305031121.245600 1305031121.285600 0.022479 0.008752
1305031121.285600 1305031121.315600 1305031121.285600 1305031121.315600 0.005290 0.010827
1305031121.315600 1305031121.345600 1305031121.315600 1305031121.345600 0.021386 0.005069
1305031121.345600 1305031121.385600 1305031121.345600 1305031121.385600 0.013756 0.009244
1305031121.385600 1305031121.415600 1305031121.385600 1305031121.415600 0.016492 0.012524
1305031121.415600 1305031121.445600 1305031121.415600 1305031121.445600 0.013696 0.007994
1305031121.445600 1305031121.485600 1305031121.445600 1305031121.485600 0.013321 0.009783
1305031121.485600 1305031121.515600 1305031121.485600 1305031121.515600 0.021113 0.008843
1305031121.515600 1305031121.545600 1305031121.515600 1305031121.545600 0.007956 0.009392
1305031121.545600 1305031121.585600 1305031121.545600 1305031121.585600 0.016308 0.006993
1305031121.585600 1305031121.615600 1305031121.585600 1305031121.615600 0.014105 0.009550
1305031121.615600 1305031121.645600 1305031121.615600 1305031121.645600 0.015366 0.011903
1305031121.645600 1305031121.685600 1305031121.645600 1305031121.685600 0.010762 0.015704
1305031121.685600 1305031121.715600 1305031121.685600 1305031121.715600 0.015438 0.009518
1305031121.715600 1305031121.745700 1305031121.715600 1305031121.745700 0.015239 0.010546
1305031121.745700 1305031121.785600 1305031121.745700 1305031121.785600 0.017660 0.012021
1305031121.785600 1305031121.815600 1305031121.785600 1305031121.815600 0.011172 0.015488
1305031121.815600 1305031121.845700 1305031121.815600 1305031121.845700 0.003548 0.005147
1305031121.845700 1305031121.885600 1305031121.845700 1305031121.885600 0.013853 0.026192
1305031121.885600 1305031121.915600 1305031121.885600 1305031121.915600 0.010120 0.009972
1305031121.915600 1305031121.945600 1305031121.915600 1305031121.945600 0.005589 0.004088
1305031121.945600 1305031121.985600 1305031121.945600 1305031121.985600 0.007191 0.003046
1305031121.985600 1305031122.015600 1305031121.985600 1305031122.015600 0.002087 0.012884
1305031122.015600 1305031122.045600 1305031122.015600 1305031122.045600 0.005216 0.007611
1305031122.045600 1305031122.085800 1305031122.045600 1305031122.085800 0.018384 0.027050
1305031122.085800 1305031122.115600 1305031122.085800 1305031122.115600 0.007491 0.006443
1305031122.115600 1305031122.155600 1305031122.115600 1305031122.155600 0.017819 0.017100
1305031122.155600 1305031122.185600 1305031122.155600 1305031122.185600 0.013679 0.027597
1305031122.185600 1305031122.215600 1305031122.185600 1305031122.215600 0.009526 0.013143
1305031122.215600 1305031122.255600 1305031122.215600 1305031122.255600 0.030162 0.020995
1305031122.255600 1305031122.285600 1305031122.255600 1305031122.285600 0.014409 0.009438
1305031122.285600 1305031122.315600 1305031122.285600 1305031122.315600 0.029688 0.013550
1305031122.315600 1305031122.355600 1305031122.315600 1305031122.355600 0.016868 0.008890
1305031122.355600 1305031122.385500 1305031122.355600 1305031122.385500 0.022587 0.007127
1305031122.385500 1305031122.415600 1305031122.385500 1305031122.415600 0.014022 0.005989
1305031122.415600 1305031122.455500 1305031122.415600 1305031122.455500 0.018222 0.015804
1305031122.455500 1305031122.485600 1305031122.455500 1305031122.485600 0.020725 0.016617
1305031122.485600 1305031122.515600 1305031122.485600 1305031122.515600 0.013850 0.010805
1305031122.515600 1305031122.555500 1305031122.515600 1305031122.555500 0.032618 0.007952
1305031122.555500 1305031122.585600 1305031122.555500 1305031122.585600 0.016671 0.006554
1305031122.585600 1305031122.615700 1305031122.585600 1305031122.615700 0.012903 0.005633
1305031122.615700 1305031122.645600 1305031122.615700 1305031122.645600 0.021926 0.011134
1305031122.645600 1305031122.685600 1305031122.645600 1305031122.685600 0.014368 0.007968
1305031122.685600 1305031122.715600 1305031122.685600 1305031122.715600 0.017619 0.010144
1305031122.715600 1305031122.755600 1305031122.715600 1305031122.755600 0.015967 0.011493
1305031122.755600 1305031122.785600 1305031122.755600 1305031122.785600 0.017616 0.011478
1305031122.785600 1305031122.815600 1305031122.785600 1305031122.815600 0.021379 0.016695
1305031122.815600 1305031122.855600 1305031122.815600 1305031122.855600 0.015547 0.023958
1305031122.855600 1305031122.885600 1305031122.855600 1305031122.885600 0.012871 0.015750
1305031122.885600 1305031122.915600 1305031122.885600 1305031122.915600 0.023874 0.017879
1305031122.915600 1305031122.955600 1305031122.915600 1305031122.955600 0.011620 0.002363
1305031122.955600 1305031122.985600 1305031122.955600 1305031122.985600 0.007176 0.011704
1305031122.985600 1305031123.015500 1305031122.985600 1305031123.015500 0.014358 0.011641
1305031123.015500 1305031123.055700 1305031123.015500 1305031123.055700 0.010915 0.008605
1305031123.055700 1305031123.085600 1305031123.055700 1305031123.085600 0.015992 0.008825
1305031123.085600 1305031123.115600 1305031123.085600 1305031123.115600 0.013598 0.012022
1305031123.115600 1305031123.155500 1305031123.115600 1305031123.155500 0.007092 0.003804
1305031123.155500 1305031123.185500 1305031123.155500 1305031123.185500 0.018668 0.018799
1305031123.185500 1305031123.215500 1305031123.185500 1305031123.215500 0.017055 0.018937
1305031123.215500 1305031123.255500 1305031123.215500 1305031123.255500 0.025437 0.028942
1305031123.255500 1305031123.285600 1305031123.255500 1305031123.285600 0.014162 0.017378
1305031123.285600 1305031123.315600 1305031123.285600 1305031123.315600 0.011942 0.025535
1305031123.315600 1305031123.345600 1305031123.315600 1305031123.345600 0.001075 0.010394
1305031123.345600 1305031123.385600 1305031123.345600 1305031123.385600 0.022747 0.035445
1305031123.385600 1305031123.415600 1305031123.385600 1305031123.415600 0.005012 0.007823
1305031123.415600 1305031123.455500 1305031123.415600 1305031123.455500 0.017716 0.019511
1305031123.455500 1305031123.485600 1305031123.455500 1305031123.485600 0.009669 0.016279
1305031123.485600 1305031123.515500 1305031123.485600 1305031123.515500 0.012913 0.007904
1305031123.515500 1305031123.555600 1305031123.515500 1305031123.555600 0.021316 0.014358
1305031123.555600 1305031123.575500 1305031123.555600 1305031123.575500 0.010207 0.008218
1305031123.575500 1305031123.615500 1305031123.575500 1305031123.615500 0.007168 0.010738
1305031123.615500 1305031123.655600 1305031123.615500 1305031123.655600 0.021409 0.022665
1305031123.655600 1305031123.685600 1305031123.655600 1305031123.685600 0.017183 0.022408
1305031123.685600 1305031123.715500 1305031123.685600 1305031123.715500 0.014362 0.014171
1305031123.715500 1305031123.755500 1305031123.715500 1305031123.755500 0.018076 0.022095
1305031123.755500 1305031123.785600 1305031123.755500 1305031123.785600 0.004671 0.008600
1305031123.785600 1305031123.815500 1305031123.785600 1305031123.815500 0.002495 0.007139
1305031123.815500 1305031123.855500 1305031123.815500 1305031123.855500 0.009174 0.009929
1305031123.855500 1305031123.885500 1305031123.855500 1305031123.885500 0.007923 0.010348
1305031123.885500 1305031123.915500 1305031123.885500 1305031123.915500 0.009421 0.006970
1305031123.915500 1305031123.955600 1305031123.915500 1305031123.955600 0.007965 0.015262
1305031123.955600 1305031123.985600 1305031123.955600 1305031123.985600 0.003363 0.010851
1305031123.985600 1305031124.015500 1305031123.985600 1305031124.015500 0.019430 0.026278
1305031124.015500 1305031124.055500 1305031124.015500 1305031124.055500 0.007613 0.009274
1305031124.055500 1305031124.085500 1305031124.055500 1305031124.085500 0.012728 0.013389
1305031124.085500 1305031124.115500 1305031124.085500 1305031124.115500 0.023075 0.025733
1305031124.115500 1305031124.145600 1305031124.115500 1305031124.145600 0.001934 0.012200
1305031124.145600 1305031124.185500 1305031124.145600 1305031124.185500 0.014790 0.014750
1305031124.185500 1305031124.215500 1305031124.185500 1305031124.215500 0.011800 0.018906
1305031124.215500 1305031124.245500 1305031124.215500 1305031124.245500 0.007249 0.011821
1305031124.245500 1305031124.285500 1305031124.245500 1305031124.285500 0.019656 0.021416
1305031124.285500 1305031124.315500 1305031124.285500 1305031124.315500 0.009473 0.012112
1305031124.315500 1305031124.345500 1305031124.315500 1305031124.345500 0.012907 0.018408
1305031124.345500 1305031124.385600 1305031124.345500 1305031124.385600 0.015016 0.015115
1305031124.385600 1305031124.415500 1305031124.385600 1305031124.415500 0.013460 0.013643
1305031124.415500 1305031124.445600 1305031124.415500 1305031124.445600 0.011000 0.021204
1305031124.445600 1305031124.475600 1305031124.445600 1305031124.475600 0.010343 0.021426
1305031124.475600 1305031124.515500 1305031124.475600 1305031124.515500 0.010224 0.029325
1305031124.515500 1305031124.545500 1305031124.515500 1305031124.545500 0.019680 0.017106
1305031124.545500 1305031124.575500 1305031124.545500 1305031124.575500 0.024648 0.015016
1305031124.575500 1305031124.615500 1305031124.575500 1305031124.615500 0.011608 0.024528
1305031124.615500 1305031124.655600 1305031124.615500 1305031124.655600 0.017633 0.018289
1305031124.655600 1305031124.675600 1305031124.655600 1305031124.675600 0.016765 0.009622
1305031124.675600 1305031124.715500 1305031124.675600 1305031124.715500 0.017716 0.016537
1305031124.715500 1305031124.745500 1305031124.715500 1305031124.745500 0.008593 0.009989
1305031124.745500 1305031124.775500 1305031124.745500 1305031124.775500 0.025339 0.014137
1305031124.775500 1305031124.815500 1305031124.775500 1305031124.815500 0.012127 0.009036
1305031124.815500 1305031124.855500 1305031124.815500 1305031124.855500 0.029291 0.009146
1305031124.855500 1305031124.875600 1305031124.855500 1305031124.875600 0.019774 0.005471
1305031124.875600 1305031124.915600 1305031124.875600 1305031124.915600 0.025746 0.007014
1305031124.915600 1305031124.955600 1305031124.915600 1305031124.955600 0.016790 0.004888
1305031124.955600 1305031124.975800 1305031124.955600 1305031124.975800 0.012067 0.010890
1305031124.975800 1305031125.015500 1305031124.975800 1305031125.015500 0.030149 0.019969
1305031125.015500 1305031125.055500 1305031125.015500 1305031125.055500 0.019429 0.015808
1305031125.055500 1305031125.075500 1305031125.055500 1305031125.075500 0.013993 0.005159
1305031125.075500 1305031125.115500 1305031125.075500 1305031125.115500 0.016520 0.011619
1305031125.115500 1305031125.155600 1305031125.115500 1305031125.155600 0.031542 0.005488
1305031125.155600 1305031125.175600 1305031125.155600 1305031125.175600 0.004858 0.006096
1305031125.175600 1305031125.215500 1305031125.175600 1305031125.215500 0.024596 0.015399
1305031125.215500 1305031125.255500 1305031125.215500 1305031125.255500 0.011444 0.016398
1305031125.255500 1305031125.275600 1305031125.255500 1305031125.275600 0.015772 0.005977
1305031125.275600 1305031125.315500 1305031125.275600 1305031125.315500 0.020994 0.005179
1305031125.315500 1305031125.346200 1305031125.315500 1305031125.346200 0.019098 0.010193
1305031125.346200 1305031125.375600 1305031125.346200 1305031125.375600 0.022959 0.012573
1305031125.375600 1305031125.415600 1305031125.375600 1305031125.415600 0.018219 0.012276
1305031125.415600 1305031125.455600 1305031125.415600 1305031125.455600 0.016928 0.033657
1305031125.455600 1305031125.475600 1305031125.455600 1305031125.475600 0.012904 0.016979
1305031125.475600 1305031125.515600 1305031125.475600 1305031125.515600 0.011660 0.007782
1305031125.515600 1305031125.555500 1305031125.515600 1305031125.555500 0.004762 0.019337
1305031125.555500 1305031125.575500 1305031125.555500 1305031125.575500 0.006216 0.007522
1305031125.575500 1305031125.615600 1305031125.575500 1305031125.615600 0.007180 0.021670
1305031125.615600 1305031125.655600 1305031125.615600 1305031125.655600 0.008686 0.014271
1305031125.655600 1305031125.675600 1305031125.655600 1305031125.675600 0.011040 0.019603
1305031125.675600 1305031125.715500 1305031125.675600 1305031125.715500 0.012673 0.030611
1305031125.715500 1305031125.755500 1305031125.715500 1305031125.755500 0.017065 0.013397
1305031125.755500 1305031125.775500 1305031125.755500 1305031125.775500 0.007301 0.003044
1305031125.775500 1305031125.815500 1305031125.775500 1305031125.815500 0.020690 0.001658
1305031125.815500 1305031125.845500 1305031125.815500 1305031125.845500 0.011854 0.014885
1305031125.845500 1305031125.875500 1305031125.845500 1305031125.875500 0.013148 0.011992
1305031125.875500 1305031125.915500 1305031125.875500 1305031125.915500 0.009305 0.023129
1305031125.915500 1305031125.945700 1305031125.915500 1305031125.945700 0.019399 0.011790
1305031125.945700 1305031125.975500 1305031125.945700 1305031125.975500 0.019321 0.028995
1305031125.975500 1305031126.015500 1305031125.975500 1305031126.015500 0.020420 0.024205
1305031126.015500 1305031126.045500 1305031126.015500 1305031126.045500 0.011545 0.015163
1305031126.045500 1305031126.075600 1305031126.045500 1305031126.075600 0.016170 0.012930
1305031126.075600 1305031126.115500 1305031126.075600 1305031126.115500 0.015024 0.013883
1305031126.115500 1305031126.145500 1305031126.115500 1305031126.145500 0.024240 0.006980
1305031126.145500 1305031126.175500 1305031126.145500 1305031126.175500 0.016834 0.023433
1305031126.175500 1305031126.215500 1305031126.175500 1305031126.215500 0.018629 0.013141
1305031126.215500 1305031126.245500 1305031126.215500 1305031126.245500 0.017980 0.007733
1305031126.245500 1305031126.275500 1305031126.245500 1305031126.275500 0.015324 0.014756
1305031126.275500 1305031126.315500 1305031126.275500 1305031126.315500 0.019424 0.026095
1305031126.315500 1305031126.345600 1305031126.315500 1305031126.345600 0.008555 0.018715
1305031126.345600 1305031126.375700 1305031126.345600 1305031126.375700 0.017503 0.015447
1305031126.375700 1305031126.415500 1305031126.375700 1305031126.415500 0.024301 0.012666
1305031126.415500 1305031126.445500 1305031126.415500 1305031126.445500 0.002654 0.010064
1305031126.445500 1305031126.475600 1305031126.445500 1305031126.475600 0.031467 0.012256
1305031126.475600 1305031126.515500 1305031126.475600 1305031126.515500 0.008311 0.013056
1305031126.515500 1305031126.545900 1305031126.515500 1305031126.545900 0.004430 0.016749
1305031126.545900 1305031126.575600 1305031126.545900 1305031126.575600 0.020555 0.022073
1305031126.575600 1305031126.615500 1305031126.575600 1305031126.615500 0.006908 0.024418
1305031126.615500 1305031126.645500 1305031126.615500 1305031126.645500 0.011394 0.012093
1305031126.645500 1305031126.675600 1305031126.645500 1305031126.675600 0.011281 0.010104
1305031126.675600 1305031126.715500 1305031126.675600 1305031126.715500 0.021145 0.024933
1305031126.715500 1305031126.745600 1305031126.715500 1305031126.745600 0.005597 0.005237
1305031126.745600 1305031126.775500 1305031126.745600 1305031126.775500 0.001690 0.008986
1305031126.775500 1305031126.815600 1305031126.775500 1305031126.815600 0.011805 0.005054
1305031126.815600 1305031126.845500 1305031126.815600 1305031126.845500 0.010314 0.008080
1305031126.845500 1305031126.876000 1305031126.845500 1305031126.876000 0.006239 0.008336
1305031126.876000 1305031126.915500 1305031126.876000 1305031126.915500 0.011763 0.009984
1305031126.915500 1305031126.945500 1305031126.915500 1305031126.945500 0.002580 0.004391
1305031126.945500 1305031126.975600 1305031126.945500 1305031126.975600 0.003440 0.008103
1305031126.975600 1305031127.015600 1305031126.975600 1305031127.015600 0.013203 0.005991
1305031127.015600 1305031127.045500 1305031127.015600 1305031127.045500 0.012413 0.007410
1305031127.045500 1305031127.075500 1305031127.045500 1305031127.075500 0.002384 0.001510
1305031127.075500 1305031127.115500 1305031127.075500 1305031127.115500 0.006598 0.015752
1305031127.115500 1305031127.145500 1305031127.115500 1305031127.145500 0.006184 0.013240
1305031127.145500 1305031127.175600 1305031127.145500 1305031127.175600 0.006597 0.007365
1305031127.175600 1305031127.215500 1305031127.175600 1305031127.215500 0.007143 0.004188
1305031127.215500 1305031127.245500 1305031127.215500 1305031127.245500 0.003977 0.009545
1305031127.245500 1305031127.275500 1305031127.245500 1305031127.275500 0.006785 0.006043
1305031127.275500 1305031127.315500 1305031127.275500 1305031127.315500 0.005101 0.002167
1305031127.315500 1305031127.345600 1305031127.315500 1305031127.345600 0.004038 0.011018
1305031127.345600 1305031127.375500 1305031127.345600 1305031127.375500 0.010496 0.012199
1305031127.375500 1305031127.415400 1305031127.375500 1305031127.415400 0.007408 0.002768
1305031127.415400 1305031127.445500 1305031127.415400 1305031127.445500 0.004325 0.004745
1305031127.445500 1305031127.475500 1305031127.445500 1305031127.475500 0.007337 0.010316
1305031127.475500 1305031127.515500 1305031127.475500 1305031127.515500 0.003614 0.004058
1305031127.515500 1305031127.545500 1305031127.515500 1305031127.545500 0.008149 0.007790
1305031127.545500 1305031127.575500 1305031127.545500 1305031127.575500 0.007894 0.006336
1305031127.575500 1305031127.615400 1305031127.575500 1305031127.615400 0.006710 0.005647
1305031127.615400 1305031127.645700 1305031127.615400 1305031127.645700 0.011372 0.005028
1305031127.645700 1305031127.675500 1305031127.645700 1305031127.675500 0.003059 0.008233
1305031127.675500 1305031127.715500 1305031127.675500 1305031127.715500 0.004735 0.005105
1305031127.715500 1305031127.745500 1305031127.715500 1305031127.745500 0.008397 0.009570
1305031127.745500 1305031127.775500 1305031127.745500 1305031127.775500 0.010288 0.007350
1305031127.775500 1305031127.815500 1305031127.775500 1305031127.815500 0.004916 0.012715
1305031127.815500 1305031127.845600 1305031127.815500 1305031127.845600 0.003454 0.004785
1305031127.845600 1305031127.875500 1305031127.845600 1305031127.875500 0.005275 0.011185
1305031127.875500 1305031127.915500 1305031127.875500 1305031127.915500 0.005423 0.006277
1305031127.915500 1305031127.945500 1305031127.915500 1305031127.945500 0.005803 0.010809
1305031127.945500 1305031127.975500 1305031127.945500 1305031127.975500 0.005805 0.013531
1305031127.975500 1305031128.015400 1305031127.975500 1305031128.015400 0.008603 0.015920
1305031128.015400 1305031128.045500 1305031128.015400 1305031128.045500 0.005896 0.011011
1305031128.045500 1305031128.075600 1305031128.045500 1305031128.075600 0.009222 0.003796
1305031128.075600 1305031128.115500 1305031128.075600 1305031128.115500 0.004307 0.005347
1305031128.115500 1305031128.145500 1305031128.115500 1305031128.145500 0.009616 0.008840
1305031128.145500 1305031128.175500 1305031128.145500 1305031128.175500 0.007450 0.009403
1305031128.175500 1305031128.215500 1305031128.175500 1305031128.215500 0.007573 0.006821
1305031128.215500 1305031128.245500 1305031128.215500 1305031128.245500 0.003737 0.004020
1305031128.245500 1305031128.275500 1305031128.245500 1305031128.275500 0.002878 0.005137
1305031128.275500 1305031128.315500 1305031128.275500 1305031128.315500 0.003181 0.005213
1305031128.315500 1305031128.345500 1305031128.315500 1305031128.345500 0.008516 0.005246
1305031128.345500 1305031128.375500 1305031128.345500 1305031128.375500 0.007763 0.004726
1305031128.375500 1305031128.415400 1305031128.375500 1305031128.415400 0.004129 0.006649
1305031128.415400 1305031128.445400 1305031128.415400 1305031128.445400 0.002278 0.002783
1305031128.445400 1305031128.475500 1305031128.445400 1305031128.475500 0.004275 0.004511
1305031128.475500 1305031128.515600 1305031128.475500 1305031128.515600 0.007129 0.003502
1305031128.515600 1305031128.545500 1305031128.515600 1305031128.545500 0.003269 0.003483
1305031128.545500 1305031128.575500 1305031128.545500 1305031128.575500 0.007478 0.005043
1305031128.575500 1305031128.615500 1305031128.575500 1305031128.615500 0.001532 0.013035
1305031128.615500 1305031128.645500 1305031128.615500 1305031128.645500 0.003585 0.013555
1305031128.645500 1305031128.675500 1305031128.645500 1305031128.675500 0.003095 0.006616