1305031102.175800 1305031102.215900 1305031102.175800 1305031102.215900 0.025293 0.013012
1305031102.215900 1305031102.275800 1305031102.215900 1305031102.275800 0.038451 0.029228
1305031102.275800 1305031102.315800 1305031102.275800 1305031102.315800 0.026751 0.011230
1305031102.315800 1305031102.345800 1305031102.315800 1305031102.345800 0.020328 0.012687
1305031102.345800 1305031102.375800 1305031102.345800 1305031102.375800 0.017594 0.003983
1305031102.375800 1305031102.415900 1305031102.375800 1305031102.415900 0.026019 0.009465
1305031102.415900 1305031102.445800 1305031102.415900 1305031102.445800 0.018561 0.019717
1305031102.445800 1305031102.475800 1305031102.445800 1305031102.475800 0.019454 0.014741
1305031102.475800 1305031102.515900 1305031102.475800 1305031102.515900 0.028267 0.014924
1305031102.515900 1305031102.575900 1305031102.515900 1305031102.575900 0.038917 0.018509
1305031102.575900 1305031102.615900 1305031102.575900 1305031102.615900 0.025423 0.010250
1305031102.615900 1305031102.675900 1305031102.615900 1305031102.675900 0.039937 0.013377
1305031102.675900 1305031102.715900 1305031102.675900 1305031102.715900 0.028365 0.008797
1305031102.715900 1305031102.745800 1305031102.715900 1305031102.745800 0.023652 0.006798
1305031102.745800 1305031102.775800 1305031102.745800 1305031102.775800 0.021284 0.013502
1305031102.775800 1305031102.815900 1305031102.775800 1305031102.815900 0.027495 0.013792
1305031102.815900 1305031102.845800 1305031102.815900 1305031102.845800 0.020393 0.011539
1305031102.845800 1305031102.875800 1305031102.845800 1305031102.875800 0.019138 0.011991
1305031102.875800 1305031102.915900 1305031102.875800 1305031102.915900 0.023996 0.007396
1305031102.915900 1305031102.975900 1305031102.915900 1305031102.975900 0.035578 0.022692
1305031102.975900 1305031103.015900 1305031102.975900 1305031103.015900 0.022217 0.022055
1305031103.015900 1305031103.045800 1305031103.015900 1305031103.045800 0.016652 0.019419
1305031103.045800 1305031103.075800 1305031103.045800 1305031103.075800 0.015457 0.007838
1305031103.075800 1305031103.115800 1305031103.075800 1305031103.115800 0.019293 0.006135
1305031103.115800 1305031103.145900 1305031103.115800 1305031103.145900 0.014957 0.005812
1305031103.145900 1305031103.175800 1305031103.145900 1305031103.175800 0.013699 0.005060
1305031103.175800 1305031103.245800 1305031103.175800 1305031103.245800 0.031067 0.051708
1305031103.245800 1305031103.275800 1305031103.245800 1305031103.275800 0.007223 0.022889
1305031103.275800 1305031103.315800 1305031103.275800 1305031103.315800 0.010465 0.027898
1305031103.315800 1305031103.345900 1305031103.315800 1305031103.345900 0.002479 0.008030
1305031103.345900 1305031103.375900 1305031103.345900 1305031103.375900 0.001699 0.012647
1305031103.375900 1305031103.415800 1305031103.375900 1305031103.415800 0.003139 0.005251
1305031103.415800 1305031103.445800 1305031103.415800 1305031103.445800 0.006453 0.005581
1305031103.445800 1305031103.475900 1305031103.445800 1305031103.475900 0.009017 0.010037
1305031103.475900 1305031103.516000 1305031103.475900 1305031103.516000 0.015918 0.015759
1305031103.516000 1305031103.545800 1305031103.516000 1305031103.545800 0.013426 0.016764
1305031103.545800 1305031103.575900 1305031103.545800 1305031103.575900 0.014026 0.015729
1305031103.575900 1305031103.615900 1305031103.575900 1305031103.615900 0.021810 0.016620
1305031103.615900 1305031103.645800 1305031103.615900 1305031103.645800 0.017423 0.013676
1305031103.645800 1305031103.675800 1305031103.645800 1305031103.675800 0.017717 0.010750
1305031103.675800 1305031103.715800 1305031103.675800 1305031103.715800 0.025569 0.007220
1305031103.715800 1305031103.745800 1305031103.715800 1305031103.745800 0.019509 0.009194
1305031103.745800 1305031103.775800 1305031103.745800 1305031103.775800 0.019997 0.013491
1305031103.775800 1305031103.815900 1305031103.775800 1305031103.815900 0.028764 0.016982
1305031103.815900 1305031103.845800 1305031103.815900 1305031103.845800 0.021662 0.006912
1305031103.845800 1305031103.875800 1305031103.845800 1305031103.875800 0.021769 0.003417
1305031103.875800 1305031103.915800 1305031103.875800 1305031103.915800 0.031358 0.021623
1305031103.915800 1305031103.945800 1305031103.915800 1305031103.945800 0.023844 0.010023
1305031103.945800 1305031103.975800 1305031103.945800 1305031103.975800 0.023204 0.004744
1305031103.975800 1305031104.015800 1305031103.975800 1305031104.015800 0.031209 0.019749
1305031104.015800 1305031104.045800 1305031104.015800 1305031104.045800 0.022586 0.016007
1305031104.045800 1305031104.075900 1305031104.045800 1305031104.075900 0.021918 0.015304
1305031104.075900 1305031104.115800 1305031104.075900 1305031104.115800 0.028924 0.022433
1305031104.115800 1305031104.145800 1305031104.115800 1305031104.145800 0.020570 0.017581
1305031104.145800 1305031104.175800 1305031104.145800 1305031104.175800 0.021453 0.007861
1305031104.175800 1305031104.215900 1305031104.175800 1305031104.215900 0.028153 0.012092
1305031104.215900 1305031104.245800 1305031104.215900 1305031104.245800 0.019788 0.013195
1305031104.245800 1305031104.275900 1305031104.245800 1305031104.275900 0.019530 0.009546
1305031104.275900 1305031104.315800 1305031104.275900 1305031104.315800 0.023556 0.011665
1305031104.315800 1305031104.346000 1305031104.315800 1305031104.346000 0.018421 0.014036
1305031104.346000 1305031104.375800 1305031104.346000 1305031104.375800 0.017209 0.007321
1305031104.375800 1305031104.415800 1305031104.375800 1305031104.415800 0.023709 0.013406
1305031104.415800 1305031104.445800 1305031104.415800 1305031104.445800 0.016024 0.002688
1305031104.445800 1305031104.475800 1305031104.445800 1305031104.475800 0.015085 0.003499
1305031104.475800 1305031104.515800 1305031104.475800 1305031104.515800 0.023548 0.019855
1305031104.515800 1305031104.545800 1305031104.515800 1305031104.545800 0.017423 0.005447
1305031104.545800 1305031104.575800 1305031104.545800 1305031104.575800 0.016286 0.016139
1305031104.575800 1305031104.615900 1305031104.575800 1305031104.615900 0.024582 0.025068
1305031104.615900 1305031104.645800 1305031104.615900 1305031104.645800 0.018689 0.022311
1305031104.645800 1305031104.675900 1305031104.645800 1305031104.675900 0.017570 0.025282
1305031104.675900 1305031104.715800 1305031104.675900 1305031104.715800 0.021660 0.033600
1305031104.715800 1305031104.745800 1305031104.715800 1305031104.745800 0.015790 0.022294
1305031104.745800 1305031104.775800 1305031104.745800 1305031104.775800 0.014088 0.020105
1305031104.775800 1305031104.815800 1305031104.775800 1305031104.815800 0.015372 0.018624
1305031104.815800 1305031104.845800 1305031104.815800 1305031104.845800 0.033168 0.022897
1305031104.845800 1305031104.875800 1305031104.845800 1305031104.875800 0.025979 0.023904
1305031104.875800 1305031104.915800 1305031104.875800 1305031104.915800 0.005565 0.004442
1305031104.915800 1305031104.945800 1305031104.915800 1305031104.945800 0.005372 0.005081
1305031104.945800 1305031104.975900 1305031104.945800 1305031104.975900 0.005673 0.008584
1305031104.975900 1305031105.015800 1305031104.975900 1305031105.015800 0.014878 0.015013
1305031105.015800 1305031105.045800 1305031105.015800 1305031105.045800 0.014055 0.010375
1305031105.045800 1305031105.075800 1305031105.045800 1305031105.075800 0.016572 0.019008
1305031105.075800 1305031105.115800 1305031105.075800 1305031105.115800 0.023833 0.008799
1305031105.115800 1305031105.145800 1305031105.115800 1305031105.145800 0.023494 0.010631
1305031105.145800 1305031105.175800 1305031105.145800 1305031105.175800 0.019985 0.030918
1305031105.175800 1305031105.215900 1305031105.175800 1305031105.215900 0.031628 0.011700
1305031105.215900 1305031105.245800 1305031105.215900 1305031105.245800 0.024418 0.012897
1305031105.245800 1305031105.275800 1305031105.245800 1305031105.275800 0.028272 0.038995
1305031105.275800 1305031105.315800 1305031105.275800 1305031105.315800 0.050756 0.018941
1305031105.315800 1305031105.345800 1305031105.315800 1305031105.345800 0.021820 0.018803
1305031105.345800 1305031105.375800 1305031105.345800 1305031105.375800 0.043814 0.020053
1305031105.375800 1305031105.415800 1305031105.375800 1305031105.415800 0.027670 0.023470
1305031105.415800 1305031105.445800 1305031105.415800 1305031105.445800 0.021943 0.012701
1305031105.445800 1305031105.476100 1305031105.445800 1305031105.476100 0.022120 0.007770
1305031105.476100 1305031105.515800 1305031105.476100 1305031105.515800 0.028837 0.018665
1305031105.515800 1305031105.545900 1305031105.515800 1305031105.545900 0.023338 0.008638
1305031105.545900 1305031105.575800 1305031105.545900 1305031105.575800 0.022415 0.008488
1305031105.575800 1305031105.615800 1305031105.575800 1305031105.615800 0.031349 0.011439
1305031105.615800 1305031105.645800 1305031105.615800 1305031105.645800 0.024259 0.010311
1305031105.645800 1305031105.715800 1305031105.645800 1305031105.715800 0.056015 0.007424
1305031105.715800 1305031105.745900 1305031105.715800 1305031105.745900 0.024709 0.011094
1305031105.745900 1305031105.775800 1305031105.745900 1305031105.775800 0.026835 0.007985
1305031105.775800 1305031105.815800 1305031105.775800 1305031105.815800 0.031496 0.009980
1305031105.815800 1305031105.845800 1305031105.815800 1305031105.845800 0.024840 0.007173
1305031105.845800 1305031105.875800 1305031105.845800 1305031105.875800 0.022935 0.010520
1305031105.875800 1305031105.915900 1305031105.875800 1305031105.915900 0.029996 0.025255
1305031105.915900 1305031105.945800 1305031105.915900 1305031105.945800 0.022220 0.012310
1305031105.945800 1305031105.975800 1305031105.945800 1305031105.975800 0.021318 0.015836
1305031105.975800 1305031106.015800 1305031105.975800 1305031106.015800 0.026604 0.020891
1305031106.015800 1305031106.045800 1305031106.015800 1305031106.045800 0.018734 0.012084
1305031106.045800 1305031106.075800 1305031106.045800 1305031106.075800 0.019256 0.014078
1305031106.075800 1305031106.115800 1305031106.075800 1305031106.115800 0.023810 0.016204
1305031106.115800 1305031106.145800 1305031106.115800 1305031106.145800 0.016804 0.016405
1305031106.145800 1305031106.175800 1305031106.145800 1305031106.175800 0.013580 0.014681
1305031106.175800 1305031106.215800 1305031106.175800 1305031106.215800 0.017642 0.007593
1305031106.215800 1305031106.245800 1305031106.215800 1305031106.245800 0.012000 0.013198
1305031106.245800 1305031106.275800 1305031106.245800 1305031106.275800 0.011592 0.006232
1305031106.275800 1305031106.315800 1305031106.275800 1305031106.315800 0.012649 0.022289
1305031106.315800 1305031106.345800 1305031106.315800 1305031106.345800 0.006644 0.014613
1305031106.345800 1305031106.375800 1305031106.345800 1305031106.375800 0.005118 0.026143
1305031106.375800 1305031106.415800 1305031106.375800 1305031106.415800 0.004856 0.035952
1305031106.415800 1305031106.445800 1305031106.415800 1305031106.445800 0.005380 0.015270
1305031106.445800 1305031106.475800 1305031106.445800 1305031106.475800 0.008732 0.010423
1305031106.475800 1305031106.515900 1305031106.475800 1305031106.515900 0.019273 0.023124
1305031106.515900 1305031106.545800 1305031106.515900 1305031106.545800 0.014450 0.014535
1305031106.545800 1305031106.575800 1305031106.545800 1305031106.575800 0.015894 0.009286
1305031106.575800 1305031106.615800 1305031106.575800 1305031106.615800 0.025529 0.005994
1305031106.615800 1305031106.645800 1305031106.615800 1305031106.645800 0.019392 0.009680
1305031106.645800 1305031106.675800 1305031106.645800 1305031106.675800 0.022318 0.011514
1305031106.675800 1305031106.715800 1305031106.675800 1305031106.715800 0.030972 0.018132
1305031106.715800 1305031106.745800 1305031106.715800 1305031106.745800 0.023458 0.020142
1305031106.745800 1305031106.775800 1305031106.745800 1305031106.775800 0.025996 0.019162
1305031106.775800 1305031106.815800 1305031106.775800 1305031106.815800 0.037104 0.010193
1305031106.815800 1305031106.845800 1305031106.815800 1305031106.845800 0.026986 0.015271
1305031106.845800 1305031106.876000 1305031106.845800 1305031106.876000 0.028242 0.024836
1305031106.876000 1305031106.915800 1305031106.876000 1305031106.915800 0.038644 0.016507
1305031106.915800 1305031106.945800 1305031106.915800 1305031106.945800 0.027504 0.019137
1305031106.945800 1305031106.975800 1305031106.945800 1305031106.975800 0.030379 0.021555
1305031106.975800 1305031107.015800 1305031106.975800 1305031107.015800 0.036969 0.019660
1305031107.015800 1305031107.045800 1305031107.015800 1305031107.045800 0.027509 0.009153
1305031107.045800 1305031107.075900 1305031107.045800 1305031107.075900 0.025887 0.016451
1305031107.075900 1305031107.115800 1305031107.075900 1305031107.115800 0.033774 0.009341
1305031107.115800 1305031107.145800 1305031107.115800 1305031107.145800 0.027896 0.007107
1305031107.145800 1305031107.175800 1305031107.145800 1305031107.175800 0.021990 0.011281
1305031107.175800 1305031107.215800 1305031107.175800 1305031107.215800 0.030558 0.021507
1305031107.215800 1305031107.245800 1305031107.215800 1305031107.245800 0.019807 0.014916
1305031107.245800 1305031107.275800 1305031107.245800 1305031107.275800 0.021520 0.013282
1305031107.275800 1305031107.315800 1305031107.275800 1305031107.315800 0.025908 0.027176
1305031107.315800 1305031107.345800 1305031107.315800 1305031107.345800 0.017221 0.027083
1305031107.345800 1305031107.375800 1305031107.345800 1305031107.375800 0.015251 0.012694
1305031107.375800 1305031107.415800 1305031107.375800 1305031107.415800 0.015788 0.018344
1305031107.415800 1305031107.445800 1305031107.415800 1305031107.445800 0.007540 0.011846
1305031107.445800 1305031107.475800 1305031107.445800 1305031107.475800 0.006279 0.005748
1305031107.475800 1305031107.515800 1305031107.475800 1305031107.515800 0.008002 0.008052
1305031107.515800 1305031107.545700 1305031107.515800 1305031107.545700 0.007764 0.017326
1305031107.545700 1305031107.575800 1305031107.545700 1305031107.575800 0.006265 0.005495
1305031107.575800 1305031107.615800 1305031107.575800 1305031107.615800 0.005787 0.003774
1305031107.615800 1305031107.645800 1305031107.615800 1305031107.645800 0.004732 0.011324
1305031107.645800 1305031107.675800 1305031107.645800 1305031107.675800 0.003697 0.000994
1305031107.675800 1305031107.715700 1305031107.675800 1305031107.715700 0.003229 0.007618
1305031107.715700 1305031107.745800 1305031107.715700 1305031107.745800 0.005177 0.008498
1305031107.745800 1305031107.775800 1305031107.745800 1305031107.775800 0.004448 0.002830
1305031107.775800 1305031107.815800 1305031107.775800 1305031107.815800 0.001778 0.011763
1305031107.815800 1305031107.845900 1305031107.815800 1305031107.845900 0.005619 0.004103
1305031107.845900 1305031107.875700 1305031107.845900 1305031107.875700 0.013752 0.006789
1305031107.875700 1305031107.915800 1305031107.875700 1305031107.915800 0.006083 0.023000
1305031107.915800 1305031107.945800 1305031107.915800 1305031107.945800 0.007675 0.012190
1305031107.945800 1305031107.975800 1305031107.945800 1305031107.975800 0.011971 0.011603
1305031107.975800 1305031108.015900 1305031107.975800 1305031108.015900 0.019605 0.018873
1305031108.015900 1305031108.045800 1305031108.015900 1305031108.045800 0.035615 0.017400
1305031108.045800 1305031108.075800 1305031108.045800 1305031108.075800 0.008200 0.028455
1305031108.075800 1305031108.115800 1305031108.075800 1305031108.115800 0.029481 0.011591
1305031108.115800 1305031108.145900 1305031108.115800 1305031108.145900 0.038334 0.015959
1305031108.145900 1305031108.175800 1305031108.145900 1305031108.175800 0.028178 0.014518
1305031108.175800 1305031108.215800 1305031108.175800 1305031108.215800 0.031861 0.015913
1305031108.215800 1305031108.245800 1305031108.215800 1305031108.245800 0.027908 0.012705
1305031108.245800 1305031108.275800 1305031108.245800 1305031108.275800 0.024048 0.007462
1305031108.275800 1305031108.315700 1305031108.275800 1305031108.315700 0.024534 0.016327
1305031108.315700 1305031108.345800 1305031108.315700 1305031108.345800 0.021840 0.018754
1305031108.345800 1305031108.375800 1305031108.345800 1305031108.375800 0.021734 0.023911
1305031108.375800 1305031108.415700 1305031108.375800 1305031108.415700 0.029740 0.036112
1305031108.415700 1305031108.445900 1305031108.415700 1305031108.445900 0.022304 0.027018
1305031108.445900 1305031108.475800 1305031108.445900 1305031108.475800 0.022016 0.017423
1305031108.475800 1305031108.515800 1305031108.475800 1305031108.515800 0.032663 0.004063
1305031108.515800 1305031108.545800 1305031108.515800 1305031108.545800 0.017570 0.021209
1305031108.545800 1305031108.575900 1305031108.545800 1305031108.575900 0.023379 0.008491
1305031108.575900 1305031108.615700 1305031108.575900 1305031108.615700 0.030068 0.015829
1305031108.615700 1305031108.645700 1305031108.615700 1305031108.645700 0.024213 0.013800
1305031108.645700 1305031108.675700 1305031108.645700 1305031108.675700 0.030694 0.025359
1305031108.675700 1305031108.715800 1305031108.675700 1305031108.715800 0.025960 0.032727
1305031108.715800 1305031108.745800 1305031108.715800 1305031108.745800 0.020146 0.007182
1305031108.745800 1305031108.775800 1305031108.745800 1305031108.775800 0.007988 0.013455
1305031108.775800 1305031108.815900 1305031108.775800 1305031108.815900 0.017492 0.019281
1305031108.815900 1305031108.825700 1305031108.815900 1305031108.825700 0.021970 0.012043
1305031108.825700 1305031108.835700 1305031108.825700 1305031108.835700 0.028078 0.020779
1305031108.835700 1305031108.945800 1305031108.835700 1305031108.945800 0.025042 0.058407
1305031108.945800 1305031108.955800 1305031108.945800 1305031108.955800 0.019249 0.021344
1305031108.955800 1305031108.975800 1305031108.955800 1305031108.975800 0.005563 0.007785
1305031108.975800 1305031109.015700 1305031108.975800 1305031109.015700 0.012555 0.002788
1305031109.015700 1305031109.045800 1305031109.015700 1305031109.045800 0.011908 0.013358
1305031109.045800 1305031109.075700 1305031109.045800 1305031109.075700 0.013893 0.008211
1305031109.075700 1305031109.115700 1305031109.075700 1305031109.115700 0.025183 0.005688
1305031109.115700 1305031109.145700 1305031109.115700 1305031109.145700 0.017282 0.005909
1305031109.145700 1305031109.175700 1305031109.145700 1305031109.175700 0.046109 0.016091
1305031109.175700 1305031109.215700 1305031109.175700 1305031109.215700 0.004374 0.040315
1305031109.215700 1305031109.245700 1305031109.215700 1305031109.245700 0.024372 0.026973
1305031109.245700 1305031109.275700 1305031109.245700 1305031109.275700 0.081819 0.007685
1305031109.275700 1305031109.315700 1305031109.275700 1305031109.315700 0.171204 0.056974
1305031109.315700 1305031109.345700 1305031109.315700 1305031109.345700 0.075574 0.052802
1305031109.345700 1305031109.375700 1305031109.345700 1305031109.375700 0.076159 0.054204
1305031109.375700 1305031109.415800 1305031109.375700 1305031109.415800 0.036728 0.016064
1305031109.415800 1305031109.445700 1305031109.415800 1305031109.445700 0.018528 0.003456
1305031109.445700 1305031109.475800 1305031109.445700 1305031109.475800 0.020740 0.002942
1305031109.475800 1305031109.515800 1305031109.475800 1305031109.515800 0.035509 0.018817
1305031109.515800 1305031109.545800 1305031109.515800 1305031109.545800 0.023105 0.009750
1305031109.545800 1305031109.575700 1305031109.545800 1305031109.575700 0.023534 0.001236
1305031109.575700 1305031109.615800 1305031109.575700 1305031109.615800 0.031311 0.007661
1305031109.615800 1305031109.645700 1305031109.615800 1305031109.645700 0.022283 0.007689
1305031109.645700 1305031109.675700 1305031109.645700 1305031109.675700 0.026656 0.006630
1305031109.675700 1305031109.715700 1305031109.675700 1305031109.715700 0.021534 0.012082
1305031109.715700 1305031109.745700 1305031109.715700 1305031109.745700 0.026119 0.007291
1305031109.745700 1305031109.775800 1305031109.745700 1305031109.775800 0.021473 0.006259
1305031109.775800 1305031109.815700 1305031109.775800 1305031109.815700 0.026215 0.005051
1305031109.815700 1305031109.845700 1305031109.815700 1305031109.845700 0.023667 0.006003
1305031109.845700 1305031109.875800 1305031109.845700 1305031109.875800 0.028399 0.024148
1305031109.875800 1305031109.915800 1305031109.875800 1305031109.915800 0.059005 0.036140
1305031109.915800 1305031109.945700 1305031109.915800 1305031109.945700 0.013012 0.006542
1305031109.945700 1305031109.975800 1305031109.945700 1305031109.975800 0.028509 0.010709
1305031109.975800 1305031110.015700 1305031109.975800 1305031110.015700 0.029127 0.018197
1305031110.015700 1305031110.045700 1305031110.015700 1305031110.045700 0.024911 0.013405
1305031110.045700 1305031110.075700 1305031110.045700 1305031110.075700 0.023300 0.018676
1305031110.075700 1305031110.115700 1305031110.075700 1305031110.115700 0.027261 0.011211
1305031110.115700 1305031110.145800 1305031110.115700 1305031110.145800 0.020728 0.008825
1305031110.145800 1305031110.175700 1305031110.145800 1305031110.175700 0.019753 0.004275
1305031110.175700 1305031110.215800 1305031110.175700 1305031110.215800 0.031294 0.003940
1305031110.215800 1305031110.245700 1305031110.215800 1305031110.245700 0.024815 0.008055
1305031110.245700 1305031110.275700 1305031110.245700 1305031110.275700 0.012672 0.012843
1305031110.275700 1305031110.315700 1305031110.275700 1305031110.315700 0.017519 0.023458
1305031110.315700 1305031110.345700 1305031110.315700 1305031110.345700 0.019597 0.012260
1305031110.345700 1305031110.375700 1305031110.345700 1305031110.375700 0.020761 0.017558
1305031110.375700 1305031110.415700 1305031110.375700 1305031110.415700 0.025427 0.011623
1305031110.415700 1305031110.445700 1305031110.415700 1305031110.445700 0.019886 0.007503
1305031110.445700 1305031110.475700 1305031110.445700 1305031110.475700 0.019312 0.017573
1305031110.475700 1305031110.515700 1305031110.475700 1305031110.515700 0.027121 0.016244
1305031110.515700 1305031110.545700 1305031110.515700 1305031110.545700 0.018240 0.006893
1305031110.545700 1305031110.575700 1305031110.545700 1305031110.575700 0.017761 0.001595
1305031110.575700 1305031110.615700 1305031110.575700 1305031110.615700 0.023966 0.004969
1305031110.615700 1305031110.645700 1305031110.615700 1305031110.645700 0.014324 0.014384
1305031110.645700 1305031110.675700 1305031110.645700 1305031110.675700 0.016531 0.007072
1305031110.675700 1305031110.715700 1305031110.675700 1305031110.715700 0.013778 0.004462
1305031110.715700 1305031110.745700 1305031110.715700 1305031110.745700 0.009518 0.009171
1305031110.745700 1305031110.775800 1305031110.745700 1305031110.775800 0.004988 0.002896
1305031110.775800 1305031110.815700 1305031110.775800 1305031110.815700 0.006556 0.006430
1305031110.815700 1305031110.845700 1305031110.815700 1305031110.845700 0.006263 0.004818
1305031110.845700 1305031110.875700 1305031110.845700 1305031110.875700 0.009957 0.009890
1305031110.875700 1305031110.915800 1305031110.875700 1305031110.915800 0.005122 0.005693
1305031110.915800 1305031110.945700 1305031110.915800 1305031110.945700 0.006455 0.009742
1305031110.945700 1305031110.975700 1305031110.945700 1305031110.975700 0.010341 0.006451
1305031110.975700 1305031111.015700 1305031110.975700 1305031111.015700 0.018291 0.018383
1305031111.015700 1305031111.045800 1305031111.015700 1305031111.045800 0.008286 0.009991
1305031111.045800 1305031111.075700 1305031111.045800 1305031111.075700 0.014748 0.010810
1305031111.075700 1305031111.115700 1305031111.075700 1305031111.115700 0.019898 0.008482
1305031111.115700 1305031111.145700 1305031111.115700 1305031111.145700 0.025134 0.009981
1305031111.145700 1305031111.175700 1305031111.145700 1305031111.175700 0.049141 0.008886
1305031111.175700 1305031111.215700 1305031111.175700 1305031111.215700 0.021749 0.036745
1305031111.215700 1305031111.245800 1305031111.215700 1305031111.245800 0.018219 0.009941
1305031111.245800 1305031111.275700 1305031111.245800 1305031111.275700 0.024740 0.004333
1305031111.275700 1305031111.315700 1305031111.275700 1305031111.315700 0.021020 0.004268
1305031111.315700 1305031111.345700 1305031111.315700 1305031111.345700 0.020830 0.012998
1305031111.345700 1305031111.375700 1305031111.345700 1305031111.375700 0.021488 0.016153
1305031111.375700 1305031111.415700 1305031111.375700 1305031111.415700 0.026508 0.018244
1305031111.415700 1305031111.445700 1305031111.415700 1305031111.445700 0.026374 0.003173
1305031111.445700 1305031111.476000 1305031111.445700 1305031111.476000 0.034150 0.040067
1305031111.476000 1305031111.515700 1305031111.476000 1305031111.515700 0.041146 0.015923
1305031111.515700 1305031111.545800 1305031111.515700 1305031111.545800 0.019610 0.007461
1305031111.545800 1305031111.575800 1305031111.545800 1305031111.575800 0.025121 0.016971
1305031111.575800 1305031111.615700 1305031111.575800 1305031111.615700 0.031764 0.019362
1305031111.615700 1305031111.645700 1305031111.615700 1305031111.645700 0.025697 0.018546
1305031111.645700 1305031111.675700 1305031111.645700 1305031111.675700 0.025396 0.017188
1305031111.675700 1305031111.715700 1305031111.675700 1305031111.715700 0.034032 0.021426
1305031111.715700 1305031111.745700 1305031111.715700 1305031111.745700 0.114077 0.043258
1305031111.745700 1305031111.775700 1305031111.745700 1305031111.775700 0.043840 0.028342
1305031111.775700 1305031111.815700 1305031111.775700 1305031111.815700 0.029639 0.029844
1305031111.815700 1305031111.845800 1305031111.815700 1305031111.845800 0.029344 0.026341
1305031111.845800 1305031111.875700 1305031111.845800 1305031111.875700 0.009826 0.017570
1305031111.875700 1305031111.915700 1305031111.875700 1305031111.915700 0.029673 0.024148
1305031111.915700 1305031111.945700 1305031111.915700 1305031111.945700 0.023226 0.030541
1305031111.945700 1305031111.975800 1305031111.945700 1305031111.975800 0.069383 0.023213
1305031111.975800 1305031112.015700 1305031111.975800 1305031112.015700 0.011161 0.041547
1305031112.015700 1305031112.045800 1305031112.015700 1305031112.045800 0.027461 0.018964
1305031112.045800 1305031112.075700 1305031112.045800 1305031112.075700 0.007244 0.030126
1305031112.075700 1305031112.115700 1305031112.075700 1305031112.115700 0.062142 0.025827
1305031112.115700 1305031112.145700 1305031112.115700 1305031112.145700 0.021283 0.037258
1305031112.145700 1305031112.175700 1305031112.145700 1305031112.175700 0.008586 0.080906
1305031112.175700 1305031112.215800 1305031112.175700 1305031112.215800 0.073763 0.042782
1305031112.215800 1305031112.245700 1305031112.215800 1305031112.245700 0.020975 0.027243
1305031112.245700 1305031112.275700 1305031112.245700 1305031112.275700 0.023284 0.019418
1305031112.275700 1305031112.315700 1305031112.275700 1305031112.315700 0.029568 0.018199
1305031112.315700 1305031112.345800 1305031112.315700 1305031112.345800 0.021194 0.019045
1305031112.345800 1305031112.375700 1305031112.345800 1305031112.375700 0.021241 0.015914
1305031112.375700 1305031112.415700 1305031112.375700 1305031112.415700 0.027137 0.020051
1305031112.415700 1305031112.445700 1305031112.415700 1305031112.445700 0.019513 0.016801
1305031112.445700 1305031112.475700 1305031112.445700 1305031112.475700 0.018675 0.026256
1305031112.475700 1305031112.515700 1305031112.475700 1305031112.515700 0.022417 0.032752
1305031112.515700 1305031112.545900 1305031112.515700 1305031112.545900 0.016030 0.017273
1305031112.545900 1305031112.575700 1305031112.545900 1305031112.575700 0.014564 0.020894
1305031112.575700 1305031112.615700 1305031112.575700 1305031112.615700 0.026708 0.029154
1305031112.615700 1305031112.645800 1305031112.615700 1305031112.645800 0.014119 0.024098
1305031112.645800 1305031112.675800 1305031112.645800 1305031112.675800 0.011231 0.013760
1305031112.675800 1305031112.715700 1305031112.675800 1305031112.715700 0.012092 0.019598
1305031112.715700 1305031112.745700 1305031112.715700 1305031112.745700 0.007113 0.019947
1305031112.745700 1305031112.775700 1305031112.745700 1305031112.775700 0.009128 0.018860
1305031112.775700 1305031112.815700 1305031112.775700 1305031112.815700 0.003843 0.006789
1305031112.815700 1305031112.845700 1305031112.815700 1305031112.845700 0.003338 0.008933
1305031112.845700 1305031112.875700 1305031112.845700 1305031112.875700 0.005646 0.013653
1305031112.875700 1305031112.915700 1305031112.875700 1305031112.915700 0.028664 0.013959
1305031112.915700 1305031112.945700 1305031112.915700 1305031112.945700 0.020993 0.008399
1305031112.945700 1305031112.975700 1305031112.945700 1305031112.975700 0.011640 0.011130
1305031112.975700 1305031113.015700 1305031112.975700 1305031113.015700 0.019728 0.014084
1305031113.015700 1305031113.045800 1305031113.015700 1305031113.045800 0.016773 0.010219
1305031113.045800 1305031113.075700 1305031113.045800 1305031113.075700 0.027508 0.018678
1305031113.075700 1305031113.115700 1305031113.075700 1305031113.115700 0.020754 0.021742
1305031113.115700 1305031113.145700 1305031113.115700 1305031113.145700 0.015731 0.009160
1305031113.145700 1305031113.175700 1305031113.145700 1305031113.175700 0.083284 0.028555
1305031113.175700 1305031113.215900 1305031113.175700 1305031113.215900 0.029699 0.045704
1305031113.215900 1305031113.245700 1305031113.215900 1305031113.245700 0.078268 0.013400
1305031113.245700 1305031113.275700 1305031113.245700 1305031113.275700 0.031401 0.021960
1305031113.275700 1305031113.315700 1305031113.275700 1305031113.315700 0.107681 0.021707
1305031113.315700 1305031113.345700 1305031113.315700 1305031113.345700 0.045216 0.051409
1305031113.345700 1305031113.375700 1305031113.345700 1305031113.375700 0.035958 0.010963
1305031113.375700 1305031113.415700 1305031113.375700 1305031113.415700 0.108639 0.013225
1305031113.415700 1305031113.445700 1305031113.415700 1305031113.445700 0.045822 0.036868
1305031113.445700 1305031113.475700 1305031113.445700 1305031113.475700 0.018665 0.007574
1305031113.475700 1305031113.515700 1305031113.475700 1305031113.515700 0.089467 0.007679
1305031113.515700 1305031113.545700 1305031113.515700 1305031113.545700 0.018806 0.026656
1305031113.545700 1305031113.575700 1305031113.545700 1305031113.575700 0.065812 0.012883
1305031113.575700 1305031113.615800 1305031113.575700 1305031113.615800 0.008841 0.012559
1305031113.615800 1305031113.645700 1305031113.615800 1305031113.645700 0.024244 0.014952
1305031113.645700 1305031113.675700 1305031113.645700 1305031113.675700 0.024701 0.010052
1305031113.675700 1305031113.715700 1305031113.675700 1305031113.715700 0.032330 0.017209
1305031113.715700 1305031113.745800 1305031113.715700 1305031113.745800 0.023445 0.021381
1305031113.745800 1305031113.775700 1305031113.745800 1305031113.775700 0.022568 0.016282
1305031113.775700 1305031113.815700 1305031113.775700 1305031113.815700 0.030768 0.009895
1305031113.815700 1305031113.845700 1305031113.815700 1305031113.845700 0.021909 0.014923
1305031113.845700 1305031113.875700 1305031113.845700 1305031113.875700 0.023502 0.015552
1305031113.875700 1305031113.915700 1305031113.875700 1305031113.915700 0.029432 0.009813
1305031113.915700 1305031113.945700 1305031113.915700 1305031113.945700 0.023352 0.017541
1305031113.945700 1305031113.975700 1305031113.945700 1305031113.975700 0.023713 0.022267
1305031113.975700 1305031114.015700 1305031113.975700 1305031114.015700 0.032073 0.028331
1305031114.015700 1305031114.045700 1305031114.015700 1305031114.045700 0.023864 0.011680
1305031114.045700 1305031114.075700 1305031114.045700 1305031114.075700 0.024366 0.017461
1305031114.075700 1305031114.115700 1305031114.075700 1305031114.115700 0.032384 0.023698
1305031114.115700 1305031114.145700 1305031114.115700 1305031114.145700 0.023043 0.013147
1305031114.145700 1305031114.175700 1305031114.145700 1305031114.175700 0.022814 0.013995
1305031114.175700 1305031114.215700 1305031114.175700 1305031114.215700 0.030539 0.007498
1305031114.215700 1305031114.245600 1305031114.215700 1305031114.245600 0.023896 0.007505
1305031114.245600 1305031114.275700 1305031114.245600 1305031114.275700 0.020077 0.015753
1305031114.275700 1305031114.315700 1305031114.275700 1305031114.315700 0.028151 0.023932
1305031114.315700 1305031114.345700 1305031114.315700 1305031114.345700 0.018571 0.005835
1305031114.345700 1305031114.375700 1305031114.345700 1305031114.375700 0.019694 0.011983
1305031114.375700 1305031114.415700 1305031114.375700 1305031114.415700 0.024159 0.017142
1305031114.415700 1305031114.445600 1305031114.415700 1305031114.445600 0.019302 0.012012
1305031114.445600 1305031114.475700 1305031114.445600 1305031114.475700 0.019195 0.011103
1305031114.475700 1305031114.515700 1305031114.475700 1305031114.515700 0.021514 0.022482
1305031114.515700 1305031114.545700 1305031114.515700 1305031114.545700 0.012922 0.013361
1305031114.545700 1305031114.575600 1305031114.545700 1305031114.575600 0.012381 0.012152
1305031114.575600 1305031114.615700 1305031114.575600 1305031114.615700 0.012210 0.017467
1305031114.615700 1305031114.645600 1305031114.615700 1305031114.645600 0.008945 0.010941
1305031114.645600 1305031114.675700 1305031114.645600 1305031114.675700 0.006817 0.018732
1305031114.675700 1305031114.715700 1305031114.675700 1305031114.715700 0.011783 0.009699
1305031114.715700 1305031114.745700 1305031114.715700 1305031114.745700 0.002672 0.014846
1305031114.745700 1305031114.775700 1305031114.745700 1305031114.775700 0.001979 0.011617
1305031114.775700 1305031114.815600 1305031114.775700 1305031114.815600 0.002964 0.003806
1305031114.815600 1305031114.845700 1305031114.815600 1305031114.845700 0.004147 0.005923
1305031114.845700 1305031114.875700 1305031114.845700 1305031114.875700 0.006032 0.004008
1305031114.875700 1305031114.915700 1305031114.875700 1305031114.915700 0.012515 0.002529
1305031114.915700 1305031114.945600 1305031114.915700 1305031114.945600 0.050650 0.025773
1305031114.945600 1305031114.975700 1305031114.945600 1305031114.975700 0.042505 0.019828
1305031114.975700 1305031115.015700 1305031114.975700 1305031115.015700 0.019327 0.018154
1305031115.015700 1305031115.045700 1305031115.015700 1305031115.045700 0.025485 0.014924
1305031115.045700 1305031115.075600 1305031115.045700 1305031115.075600 0.018555 0.004081
1305031115.075600 1305031115.115700 1305031115.075600 1305031115.115700 0.106482 0.050454
1305031115.115700 1305031115.145700 1305031115.115700 1305031115.145700 0.063534 0.048513
1305031115.145700 1305031115.175600 1305031115.145700 1305031115.175600 0.021438 0.005931
1305031115.175600 1305031115.215700 1305031115.175600 1305031115.215700 0.033004 0.009142
1305031115.215700 1305031115.245700 1305031115.215700 1305031115.245700 0.021880 0.010345
1305031115.245700 1305031115.275700 1305031115.245700 1305031115.275700 0.033698 0.021359
1305031115.275700 1305031115.315600 1305031115.275700 1305031115.315600 0.046343 0.013457
1305031115.315600 1305031115.345600 1305031115.315600 1305031115.345600 0.024651 0.010932
1305031115.345600 1305031115.375700 1305031115.345600 1305031115.375700 0.029496 0.023855
1305031115.375700 1305031115.415700 1305031115.375700 1305031115.415700 0.040286 0.034908
1305031115.415700 1305031115.445700 1305031115.415700 1305031115.445700 0.043118 0.025140
1305031115.445700 1305031115.475600 1305031115.445700 1305031115.475600 0.025650 0.021323
1305031115.475600 1305031115.515600 1305031115.475600 1305031115.515600 0.053830 0.023513
1305031115.515600 1305031115.545700 1305031115.515600 1305031115.545700 0.020787 0.027525
1305031115.545700 1305031115.575700 1305031115.545700 1305031115.575700 0.032996 0.018017
1305031115.575700 1305031115.615700 1305031115.575700 1305031115.615700 0.060761 0.021829
1305031115.615700 1305031115.645700 1305031115.615700 1305031115.645700 0.021089 0.015406
1305031115.645700 1305031115.675700 1305031115.645700 1305031115.675700 0.030244 0.025183
1305031115.675700 1305031115.715700 1305031115.675700 1305031115.715700 0.048156 0.025024
1305031115.715700 1305031115.745700 1305031115.715700 1305031115.745700 0.018524 0.021644
1305031115.745700 1305031115.775700 1305031115.745700 1305031115.775700 0.027676 0.013610
1305031115.775700 1305031115.815600 1305031115.775700 1305031115.815600 0.084895 0.042252
1305031115.815600 1305031115.845700 1305031115.815600 1305031115.845700 0.030017 0.026242
1305031115.845700 1305031115.875600 1305031115.845700 1305031115.875600 0.025433 0.010253
1305031115.875600 1305031115.915600 1305031115.875600 1305031115.915600 0.071919 0.017778
1305031115.915600 1305031115.945700 1305031115.915600 1305031115.945700 0.021265 0.029265
1305031115.945700 1305031115.985700 1305031115.945700 1305031115.985700 0.018462 0.035622
1305031115.985700 1305031116.015600 1305031115.985700 1305031116.015600 0.050177 0.026474
1305031116.015600 1305031116.045700 1305031116.015600 1305031116.045700 0.015175 0.051055
1305031116.045700 1305031116.075700 1305031116.045700 1305031116.075700 0.063236 0.021633
1305031116.075700 1305031116.115700 1305031116.075700 1305031116.115700 0.069068 0.070431
1305031116.115700 1305031116.145700 1305031116.115700 1305031116.145700 0.030378 0.055830
1305031116.145700 1305031116.175700 1305031116.145700 1305031116.175700 0.021960 0.010926
1305031116.175700 1305031116.215700 1305031116.175700 1305031116.215700 0.057744 0.042831
1305031116.215700 1305031116.245700 1305031116.215700 1305031116.245700 0.040263 0.031409
1305031116.245700 1305031116.275700 1305031116.245700 1305031116.275700 0.045278 0.026934
1305031116.275700 1305031116.315600 1305031116.275700 1305031116.315600 0.047942 0.094520
1305031116.315600 1305031116.345700 1305031116.315600 1305031116.345700 0.029531 0.029735
1305031116.345700 1305031116.375700 1305031116.345700 1305031116.375700 0.061410 0.075631
1305031116.375700 1305031116.415700 1305031116.375700 1305031116.415700 0.008380 0.014149
1305031116.415700 1305031116.445600 1305031116.415700 1305031116.445600 0.007074 0.032404
1305031116.445600 1305031116.475700 1305031116.445600 1305031116.475700 0.007902 0.014844
1305031116.475700 1305031116.515700 1305031116.475700 1305031116.515700 0.014416 0.028474
1305031116.515700 1305031116.545600 1305031116.515700 1305031116.545600 0.011202 0.014464
1305031116.545600 1305031116.575700 1305031116.545600 1305031116.575700 0.097470 0.061918
1305031116.575700 1305031116.615700 1305031116.575700 1305031116.615700 0.050700 0.020481
1305031116.615700 1305031116.645700 1305031116.615700 1305031116.645700 0.049208 0.071998
1305031116.645700 1305031116.675600 1305031116.645700 1305031116.675600 0.005187 0.030116
1305031116.675600 1305031116.715700 1305031116.675600 1305031116.715700 0.033297 0.033441
1305031116.715700 1305031116.745700 1305031116.715700 1305031116.745700 0.025857 0.023979
1305031116.745700 1305031116.775700 1305031116.745700 1305031116.775700 0.047474 0.021083
1305031116.775700 1305031116.815600 1305031116.775700 1305031116.815600 0.121827 0.080729
1305031116.815600 1305031116.845600 1305031116.815600 1305031116.845600 0.093017 0.036773
1305031116.845600 1305031116.875700 1305031116.845600 1305031116.875700 0.136253 0.077709
1305031116.875700 1305031116.915700 1305031116.875700 1305031116.915700 0.040498 0.094897
1305031116.915700 1305031116.945600 1305031116.915700 1305031116.945600 0.185758 0.096445
1305031116.945600 1305031116.975600 1305031116.945600 1305031116.975600 0.029609 0.028952
1305031116.975600 1305031117.015700 1305031116.975600 1305031117.015700 0.049321 0.039201
1305031117.015700 1305031117.045700 1305031117.015700 1305031117.045700 0.036127 0.033314
1305031117.045700 1305031117.075700 1305031117.045700 1305031117.075700 0.026610 0.014810
1305031117.075700 1305031117.115900 1305031117.075700 1305031117.115900 0.028449 0.023718
1305031117.115900 1305031117.145700 1305031117.115900 1305031117.145700 0.018599 0.049082
1305031117.145700 1305031117.175600 1305031117.145700 1305031117.175600 0.035066 0.035552
1305031117.175600 1305031117.215700 1305031117.175600 1305031117.215700 0.009990 0.028894
1305031117.215700 1305031117.245600 1305031117.215700 1305031117.245600 0.022308 0.025892
1305031117.245600 1305031117.275600 1305031117.245600 1305031117.275600 0.007271 0.016258
1305031117.275600 1305031117.315600 1305031117.275600 1305031117.315600 0.007936 0.013903
1305031117.315600 1305031117.345700 1305031117.315600 1305031117.345700 0.002797 0.002296
1305031117.345700 1305031117.375700 1305031117.345700 1305031117.375700 0.003393 0.002838
1305031117.375700 1305031117.415600 1305031117.375700 1305031117.415600 0.005425 0.011378
1305031117.415600 1305031117.445600 1305031117.415600 1305031117.445600 0.003441 0.008935
1305031117.445600 1305031117.475700 1305031117.445600 1305031117.475700 0.014237 0.010766
1305031117.475700 1305031117.515600 1305031117.475700 1305031117.515600 0.015827 0.015724
1305031117.515600 1305031117.545600 1305031117.515600 1305031117.545600 0.005017 0.010070
1305031117.545600 1305031117.575700 1305031117.545600 1305031117.575700 0.008218 0.008206
1305031117.575700 1305031117.615700 1305031117.575700 1305031117.615700 0.011835 0.009315
1305031117.615700 1305031117.645700 1305031117.615700 1305031117.645700 0.011211 0.010183
1305031117.645700 1305031117.675600 1305031117.645700 1305031117.675600 0.010184 0.008643
1305031117.675600 1305031117.715600 1305031117.675600 1305031117.715600 0.014449 0.016821
1305031117.715600 1305031117.745700 1305031117.715600 1305031117.745700 0.012331 0.011504
1305031117.745700 1305031117.775700 1305031117.745700 1305031117.775700 0.012206 0.010464
1305031117.775700 1305031117.815600 1305031117.775700 1305031117.815600 0.018707 0.014368
1305031117.815600 1305031117.845700 1305031117.815600 1305031117.845700 0.012241 0.003724
1305031117.845700 1305031117.875700 1305031117.845700 1305031117.875700 0.015943 0.009121
1305031117.875700 1305031117.915600 1305031117.875700 1305031117.915600 0.019113 0.005540
1305031117.915600 1305031117.945600 1305031117.915600 1305031117.945600 0.012427 0.003638
1305031117.945600 1305031117.975600 1305031117.945600 1305031117.975600 0.018308 0.011880
1305031117.975600 1305031118.015700 1305031117.975600 1305031118.015700 0.020051 0.005538
1305031118.015700 1305031118.045700 1305031118.015700 1305031118.045700 0.014806 0.005441
1305031118.045700 1305031118.075700 1305031118.045700 1305031118.075700 0.016465 0.005126
1305031118.075700 1305031118.115600 1305031118.075700 1305031118.115600 0.018783 0.016751
1305031118.115600 1305031118.145700 1305031118.115600 1305031118.145700 0.017655 0.014158
1305031118.145700 1305031118.175600 1305031118.145700 1305031118.175600 0.012501 0.011867
1305031118.175600 1305031118.215600 1305031118.175600 1305031118.215600 0.017634 0.007627
1305031118.215600 1305031118.245600 1305031118.215600 1305031118.245600 0.009738 0.008005
1305031118.245600 1305031118.275700 1305031118.245600 1305031118.275700 0.012740 0.013530
1305031118.275700 1305031118.315600 1305031118.275700 1305031118.315600 0.014623 0.023235
1305031118.315600 1305031118.345700 1305031118.315600 1305031118.345700 0.012612 0.009492
1305031118.345700 1305031118.375600 1305031118.345700 1305031118.375600 0.009147 0.011598
1305031118.375600 1305031118.415600 1305031118.375600 1305031118.415600 0.011704 0.012125
1305031118.415600 1305031118.445700 1305031118.415600 1305031118.445700 0.006944 0.009171
1305031118.445700 1305031118.475700 1305031118.445700 1305031118.475700 0.005345 0.006814
1305031118.475700 1305031118.515600 1305031118.475700 1305031118.515600 0.007134 0.003876
1305031118.515600 1305031118.545600 1305031118.515600 1305031118.545600 0.004820 0.004039
1305031118.545600 1305031118.575600 1305031118.545600 1305031118.575600 0.005236 0.008257
1305031118.575600 1305031118.615600 1305031118.575600 1305031118.615600 0.006997 0.011755
1305031118.615600 1305031118.645600 1305031118.615600 1305031118.645600 0.006632 0.012064
1305031118.645600 1305031118.675600 1305031118.645600 1305031118.675600 0.010277 0.005442
1305031118.675600 1305031118.715600 1305031118.675600 1305031118.715600 0.013918 0.010928
1305031118.715600 1305031118.745600 1305031118.715600 1305031118.745600 0.010629 0.016174
1305031118.745600 1305031118.775600 1305031118.745600 1305031118.775600 0.012632 0.011035
1305031118.775600 1305031118.815600 1305031118.775600 1305031118.815600 0.018636 0.002063
1305031118.815600 1305031118.845600 1305031118.815600 1305031118.845600 0.019197 0.011080
1305031118.845600 1305031118.875600 1305031118.845600 1305031118.875600 0.016045 0.008313
1305031118.875600 1305031118.915600 1305031118.875600 1305031118.915600 0.028348 0.012346
1305031118.915600 1305031118.945600 1305031118.915600 1305031118.945600 0.018006 0.008828
1305031118.945600 1305031118.975600 1305031118.945600 1305031118.975600 0.019111 0.014502
1305031118.975600 1305031119.015700 1305031118.975600 1305031119.015700 0.027315 0.006007
1305031119.015700 1305031119.045600 1305031119.015700 1305031119.045600 0.022830 0.003556
1305031119.045600 1305031119.075700 1305031119.045600 1305031119.075700 0.017620 0.008938
1305031119.075700 1305031119.115600 1305031119.075700 1305031119.115600 0.023234 0.014012
1305031119.115600 1305031119.145700 1305031119.115600 1305031119.145700 0.023753 0.006595
1305031119.145700 1305031119.175700 1305031119.145700 1305031119.175700 0.025981 0.022778
1305031119.175700 1305031119.215600 1305031119.175700 1305031119.215600 0.021355 0.013438
1305031119.215600 1305031119.245700 1305031119.215600 1305031119.245700 0.014704 0.005053
1305031119.245700 1305031119.275600 1305031119.245700 1305031119.275600 0.015053 0.008280
1305031119.275600 1305031119.315600 1305031119.275600 1305031119.315600 0.020316 0.009109
1305031119.315600 1305031119.345700 1305031119.315600 1305031119.345700 0.013492 0.008740
1305031119.345700 1305031119.375600 1305031119.345700 1305031119.375600 0.012160 0.007554
1305031119.375600 1305031119.415600 1305031119.375600 1305031119.415600 0.019074 0.006073
1305031119.415600 1305031119.445600 1305031119.415600 1305031119.445600 0.013147 0.003659
1305031119.445600 1305031119.475600 1305031119.445600 1305031119.475600 0.013406 0.009138
1305031119.475600 1305031119.515700 1305031119.475600 1305031119.515700 0.016445 0.006396
1305031119.515700 1305031119.545600 1305031119.515700 1305031119.545600 0.015214 0.005242
1305031119.545600 1305031119.575600 1305031119.545600 1305031119.575600 0.012310 0.012098
1305031119.575600 1305031119.615600 1305031119.575600 1305031119.615600 0.012999 0.009956
1305031119.615600 1305031119.645600 1305031119.615600 1305031119.645600 0.020241 0.020966
1305031119.645600 1305031119.675600 1305031119.645600 1305031119.675600 0.003970 0.015260
1305031119.675600 1305031119.715700 1305031119.675600 1305031119.715700 0.022070 0.039217
1305031119.715700 1305031119.745700 1305031119.715700 1305031119.745700 0.007755 0.004227
1305031119.745700 1305031119.775600 1305031119.745700 1305031119.775600 0.020540 0.015417
1305031119.775600 1305031119.815600 1305031119.775600 1305031119.815600 0.011840 0.023024
1305031119.815600 1305031119.845600 1305031119.815600 1305031119.845600 0.017104 0.010045
1305031119.845600 1305031119.875700 1305031119.845600 1305031119.875700 0.008774 0.005882
1305031119.875700 1305031119.915500 1305031119.875700 1305031119.915500 0.014295 0.014324
1305031119.915500 1305031119.945600 1305031119.915500 1305031119.945600 0.013437 0.012586
1305031119.945600 1305031119.975600 1305031119.945600 1305031119.975600 0.012339 0.019051
1305031119.975600 1305031120.015600 1305031119.975600 1305031120.015600 0.030925 0.028574
1305031120.015600 1305031120.045600 1305031120.015600 1305031120.045600 0.011675 0.005823
1305031120.045600 1305031120.075600 1305031120.045600 1305031120.075600 0.002741 0.011668
1305031120.075600 1305031120.115600 1305031120.075600 1305031120.115600 0.002455 0.013607
1305031120.115600 1305031120.145600 1305031120.115600 1305031120.145600 0.000885 0.003035
1305031120.145600 1305031120.175600 1305031120.145600 1305031120.175600 0.002921 0.006679
1305031120.175600 1305031120.215600 1305031120.175600 1305031120.215600 0.007962 0.017583
1305031120.215600 1305031120.245600 1305031120.215600 1305031120.245600 0.004307 0.009899
1305031120.245600 1305031120.275700 1305031120.245600 1305031120.275700 0.003556 0.007719
1305031120.275700 1305031120.315600 1305031120.275700 1305031120.315600 0.013945 0.014774
1305031120.315600 1305031120.345600 1305031120.315600 1305031120.345600 0.017189 0.008996
1305031120.345600 1305031120.375600 1305031120.345600 1305031120.375600 0.017887 0.013278
1305031120.375600 1305031120.415600 1305031120.375600 1305031120.415600 0.017819 0.029609
1305031120.415600 1305031120.445600 1305031120.415600 1305031120.445600 0.025745 0.006473
1305031120.445600 1305031120.475600 1305031120.445600 1305031120.475600 0.015938 0.011487
1305031120.475600 1305031120.515600 1305031120.475600 1305031120.515600 0.031511 0.027608
1305031120.515600 1305031120.545600 1305031120.515600 1305031120.545600 0.014287 0.019541
1305031120.545600 1305031120.575600 1305031120.545600 1305031120.575600 0.014480 0.018778
1305031120.575600 1305031120.615600 1305031120.575600 1305031120.615600 0.017564 0.027474
1305031120.615600 1305031120.645600 1305031120.615600 1305031120.645600 0.014656 0.017389
1305031120.645600 1305031120.675700 1305031120.645600 1305031120.675700 0.012320 0.010358
1305031120.675700 1305031120.715600 1305031120.675700 1305031120.715600 0.019327 0.015973
1305031120.715600 1305031120.745700 1305031120.715600 1305031120.745700 0.016454 0.009695
1305031120.745700 1305031120.775600 1305031120.745700 1305031120.775600 0.011311 0.007918
1305031120.775600 1305031120.815600 1305031120.775600 1305031120.815600 0.017407 0.002068
1305031120.815600 1305031120.845600 1305031120.815600 1305031120.845600 0.012212 0.005294
1305031120.845600 1305031120.885600 1305031120.845600 1305031120.885600 0.015955 0.011157
1305031120.885600 1305031120.915600 1305031120.885600 1305031120.915600 0.011596 0.005686
1305031120.915600 1305031120.945700 1305031120.915600 1305031120.945700 0.012330 0.006717
1305031120.945700 1305031120.985600 1305031120.945700 1305031120.985600 0.013387 0.009525
1305031120.985600 1305031121.015600 1305031120.985600 1305031121.015600 0.011485 0.008524
1305031121.015600 1305031121.045600 1305031121.015600 1305031121.045600 0.010388 0.004855
1305031121.045600 1305031121.085600 1305031121.045600 1305031121.085600 0.014119 0.014027
1305031121.085600 1305031121.115600 1305031121.085600 1305031121.115600 0.010631 0.006231
1305031121.115600 1305031121.145600 1305031121.115600 1305031121.145600 0.010185 0.006591
1305031121.145600 1305031121.185600 1305031121.145600 1305031121.185600 0.016021 0.008072
1305031121.185600 1305031121.215600 1305031121.185600 1305031121.215600 0.012314 0.003820
1305031121.215600 1305031121.245600 1305031121.215600 1305031121.245600 0.011710 0.003724
1305031121.245600 1305031121.285600 1305031121.245600 1305031121.285600 0.012174 0.004360
1305031121.285600 1305031121.315600 1305031121.285600 1305031121.315600 0.017281 0.007879
1305031121.315600 1305031121.345600 1305031121.315600 1305031121.345600 0.012236 0.009094
1305031121.345600 1305031121.385600 1305031121.345600 1305031121.385600 0.015995 0.006222
1305031121.385600 1305031121.415600 1305031121.385600 1305031121.415600 0.012443 0.012442
1305031121.415600 1305031121.445600 1305031121.415600 1305031121.445600 0.012191 0.007023
1305031121.445600 1305031121.485600 1305031121.445600 1305031121.485600 0.015502 0.006644
1305031121.485600 1305031121.515600 1305031121.485600 1305031121.515600 0.011690 0.001560
1305031121.515600 1305031121.545600 1305031121.515600 1305031121.545600 0.008810 0.012960
1305031121.545600 1305031121.585600 1305031121.545600 1305031121.585600 0.018821 0.011651
1305031121.585600 1305031121.615600 1305031121.585600 1305031121.615600 0.007668 0.008103
1305031121.615600 1305031121.645600 1305031121.615600 1305031121.645600 0.015924 0.017656
1305031121.645600 1305031121.685600 1305031121.645600 1305031121.685600 0.014745 0.016961
1305031121.685600 1305031121.715600 1305031121.685600 1305031121.715600 0.009528 0.005316
1305031121.715600 1305031121.745700 1305031121.715600 1305031121.745700 0.009703 0.007896
1305031121.745700 1305031121.785600 1305031121.745700 1305031121.785600 0.011574 0.012246
1305031121.785600 1305031121.815600 1305031121.785600 1305031121.815600 0.007883 0.010144
1305031121.815600 1305031121.845700 1305031121.815600 1305031121.845700 0.006178 0.008638
1305031121.845700 1305031121.885600 1305031121.845700 1305031121.885600 0.003581 0.026227
1305031121.885600 1305031121.915600 1305031121.885600 1305031121.915600 0.006645 0.010728
1305031121.915600 1305031121.945600 1305031121.915600 1305031121.945600 0.002187 0.002237
1305031121.945600 1305031121.985600 1305031121.945600 1305031121.985600 0.003828 0.002545
1305031121.985600 1305031122.015600 1305031121.985600 1305031122.015600 0.005778 0.007348
1305031122.015600 1305031122.045600 1305031122.015600 1305031122.045600 0.007613 0.010866
1305031122.045600 1305031122.085800 1305031122.045600 1305031122.085800 0.012914 0.014585
1305031122.085800 1305031122.115600 1305031122.085800 1305031122.115600 0.010233 0.012093
1305031122.115600 1305031122.155600 1305031122.115600 1305031122.155600 0.018837 0.016958
1305031122.155600 1305031122.185600 1305031122.155600 1305031122.185600 0.011377 0.020462
1305031122.185600 1305031122.215600 1305031122.185600 1305031122.215600 0.011582 0.016000
1305031122.215600 1305031122.255600 1305031122.215600 1305031122.255600 0.023289 0.015746
1305031122.255600 1305031122.285600 1305031122.255600 1305031122.285600 0.014116 0.007218
1305031122.285600 1305031122.315600 1305031122.285600 1305031122.315600 0.022880 0.003296
1305031122.315600 1305031122.355600 1305031122.315600 1305031122.355600 0.016173 0.020367
1305031122.355600 1305031122.385500 1305031122.355600 1305031122.385500 0.019634 0.008305
1305031122.385500 1305031122.415600 1305031122.385500 1305031122.415600 0.016799 0.010898
1305031122.415600 1305031122.455500 1305031122.415600 1305031122.455500 0.022543 0.017022
1305031122.455500 1305031122.485600 1305031122.455500 1305031122.485600 0.019750 0.017240
1305031122.485600 1305031122.515600 1305031122.485600 1305031122.515600 0.019891 0.009777
1305031122.515600 1305031122.555500 1305031122.515600 1305031122.555500 0.020461 0.011851
1305031122.555500 1305031122.585600 1305031122.555500 1305031122.585600 0.016370 0.008076
1305031122.585600 1305031122.615700 1305031122.585600 1305031122.615700 0.022634 0.013224
1305031122.615700 1305031122.645600 1305031122.615700 1305031122.645600 0.013904 0.005774
1305031122.645600 1305031122.685600 1305031122.645600 1305031122.685600 0.021476 0.008320
1305031122.685600 1305031122.715600 1305031122.685600 1305031122.715600 0.011025 0.011797
1305031122.715600 1305031122.755600 1305031122.715600 1305031122.755600 0.019651 0.004996
1305031122.755600 1305031122.785600 1305031122.755600 1305031122.785600 0.012108 0.012475
1305031122.785600 1305031122.815600 1305031122.785600 1305031122.815600 0.011807 0.012605
1305031122.815600 1305031122.855600 1305031122.815600 1305031122.855600 0.024378 0.028557
1305031122.855600 1305031122.885600 1305031122.855600 1305031122.885600 0.029578 0.020187
1305031122.885600 1305031122.915600 1305031122.885600 1305031122.915600 0.010437 0.006409
1305031122.915600 1305031122.955600 1305031122.915600 1305031122.955600 0.013432 0.005133
1305031122.955600 1305031122.985600 1305031122.955600 1305031122.985600 0.010951 0.015383
1305031122.985600 1305031123.015500 1305031122.985600 1305031123.015500 0.008340 0.009005
1305031123.015500 1305031123.055700 1305031123.015500 1305031123.055700 0.011909 0.007267
1305031123.055700 1305031123.085600 1305031123.055700 1305031123.085600 0.014557 0.014732
1305031123.085600 1305031123.115600 1305031123.085600 1305031123.115600 0.005595 0.014838
1305031123.115600 1305031123.155500 1305031123.115600 1305031123.155500 0.018118 0.002574
1305031123.155500 1305031123.185500 1305031123.155500 1305031123.185500 0.019925 0.022178
1305031123.185500 1305031123.215500 1305031123.185500 1305031123.215500 0.019052 0.021881
1305031123.215500 1305031123.255500 1305031123.215500 1305031123.255500 0.017041 0.029085
1305031123.255500 1305031123.285600 1305031123.255500 1305031123.285600 0.010053 0.019240
1305031123.285600 1305031123.315600 1305031123.285600 1305031123.315600 0.010117 0.019750
1305031123.315600 1305031123.345600 1305031123.315600 1305031123.345600 0.025374 0.025167
1305031123.345600 1305031123.385600 1305031123.345600 1305031123.385600 0.032815 0.048811
1305031123.385600 1305031123.415600 1305031123.385600 1305031123.415600 0.006777 0.007566
1305031123.415600 1305031123.455500 1305031123.415600 1305031123.455500 0.026368 0.021981
1305031123.455500 1305031123.485600 1305031123.455500 1305031123.485600 0.022791 0.023242
1305031123.485600 1305031123.515500 1305031123.485600 1305031123.515500 0.011138 0.016055
1305031123.515500 1305031123.555600 1305031123.515500 1305031123.555600 0.020818 0.018423
1305031123.555600 1305031123.575500 1305031123.555600 1305031123.575500 0.008066 0.004474
1305031123.575500 1305031123.615500 1305031123.575500 1305031123.615500 0.020699 0.031650
1305031123.615500 1305031123.655600 1305031123.615500 1305031123.655600 0.036717 0.021699
1305031123.655600 1305031123.685600 1305031123.655600 1305031123.685600 0.017839 0.029611
1305031123.685600 1305031123.715500 1305031123.685600 1305031123.715500 0.027244 0.014862
1305031123.715500 1305031123.755500 1305031123.715500 1305031123.755500 0.010717 0.012144
1305031123.755500 1305031123.785600 1305031123.755500 1305031123.785600 0.003130 0.006387
1305031123.785600 1305031123.815500 1305031123.785600 1305031123.815500 0.002593 0.007974
1305031123.815500 1305031123.855500 1305031123.815500 1305031123.855500 0.007242 0.010645
1305031123.855500 1305031123.885500 1305031123.855500 1305031123.885500 0.006873 0.009438
1305031123.885500 1305031123.915500 1305031123.885500 1305031123.915500 0.002363 0.008017
1305031123.915500 1305031123.955600 1305031123.915500 1305031123.955600 0.004348 0.015509
1305031123.955600 1305031123.985600 1305031123.955600 1305031123.985600 0.023058 0.018963
1305031123.985600 1305031124.015500 1305031123.985600 1305031124.015500 0.024730 0.032991
1305031124.015500 1305031124.055500 1305031124.015500 1305031124.055500 0.010764 0.008271
1305031124.055500 1305031124.085500 1305031124.055500 1305031124.085500 0.031130 0.037372
1305031124.085500 1305031124.115500 1305031124.085500 1305031124.115500 0.034857 0.026555
1305031124.115500 1305031124.145600 1305031124.115500 1305031124.145600 0.013972 0.010051
1305031124.145600 1305031124.185500 1305031124.145600 1305031124.185500 0.019863 0.018576
1305031124.185500 1305031124.215500 1305031124.185500 1305031124.215500 0.023513 0.019762
1305031124.215500 1305031124.245500 1305031124.215500 1305031124.245500 0.008335 0.012270
1305031124.245500 1305031124.285500 1305031124.245500 1305031124.285500 0.015118 0.018127
1305031124.285500 1305031124.315500 1305031124.285500 1305031124.315500 0.008429 0.019370
1305031124.315500 1305031124.345500 1305031124.315500 1305031124.345500 0.014240 0.015447
1305031124.345500 1305031124.385600 1305031124.345500 1305031124.385600 0.016876 0.017460
1305031124.385600 1305031124.415500 1305031124.385600 1305031124.415500 0.014018 0.019961
1305031124.415500 1305031124.445600 1305031124.415500 1305031124.445600 0.011612 0.016954
1305031124.445600 1305031124.475600 1305031124.445600 1305031124.475600 0.026632 0.023983
1305031124.475600 1305031124.515500 1305031124.475600 1305031124.515500 0.013854 0.021877
1305031124.515500 1305031124.545500 1305031124.515500 1305031124.545500 0.008369 0.014657
1305031124.545500 1305031124.575500 1305031124.545500 1305031124.575500 0.024331 0.010575
1305031124.575500 1305031124.615500 1305031124.575500 1305031124.615500 0.020440 0.026884
1305031124.615500 1305031124.655600 1305031124.615500 1305031124.655600 0.019930 0.014207
1305031124.655600 1305031124.675600 1305031124.655600 1305031124.675600 0.010162 0.010146
1305031124.675600 1305031124.715500 1305031124.675600 1305031124.715500 0.018610 0.016406
1305031124.715500 1305031124.745500 1305031124.715500 1305031124.745500 0.016172 0.007068
1305031124.745500 1305031124.775500 1305031124.745500 1305031124.775500 0.016136 0.012859
1305031124.775500 1305031124.815500 1305031124.775500 1305031124.815500 0.023576 0.001700
1305031124.815500 1305031124.855500 1305031124.815500 1305031124.855500 0.024580 0.008529
1305031124.855500 1305031124.875600 1305031124.855500 1305031124.875600 0.012237 0.003829
1305031124.875600 1305031124.915600 1305031124.875600 1305031124.915600 0.024864 0.005743
1305031124.915600 1305031124.955600 1305031124.915600 1305031124.955600 0.022755 0.006645
1305031124.955600 1305031124.975800 1305031124.955600 1305031124.975800 0.011794 0.004700
1305031124.975800 1305031125.015500 1305031124.975800 1305031125.015500 0.021249 0.022125
1305031125.015500 1305031125.055500 1305031125.015500 1305031125.055500 0.022823 0.005934
1305031125.055500 1305031125.075500 1305031125.055500 1305031125.075500 0.008796 0.008151
1305031125.075500 1305031125.115500 1305031125.075500 1305031125.115500 0.021155 0.011823
1305031125.115500 1305031125.155600 1305031125.115500 1305031125.155600 0.018897 0.010489
1305031125.155600 1305031125.175600 1305031125.155600 1305031125.175600 0.008206 0.009521
1305031125.175600 1305031125.215500 1305031125.175600 1305031125.215500 0.017077 0.011565
1305031125.215500 1305031125.255500 1305031125.215500 1305031125.255500 0.017694 0.017295
1305031125.255500 1305031125.275600 1305031125.255500 1305031125.275600 0.007913 0.002312
1305031125.275600 1305031125.315500 1305031125.275600 1305031125.315500 0.014552 0.006726
1305031125.315500 1305031125.346200 1305031125.315500 1305031125.346200 0.011614 0.012757
1305031125.346200 1305031125.375600 1305031125.346200 1305031125.375600 0.003981 0.018061
1305031125.375600 1305031125.415600 1305031125.375600 1305031125.415600 0.022765 0.019652
1305031125.415600 1305031125.455600 1305031125.415600 1305031125.455600 0.011540 0.024249
1305031125.455600 1305031125.475600 1305031125.455600 1305031125.475600 0.004240 0.012600
1305031125.475600 1305031125.515600 1305031125.475600 1305031125.515600 0.008736 0.009079
1305031125.515600 1305031125.555500 1305031125.515600 1305031125.555500 0.005306 0.017750
1305031125.555500 1305031125.575500 1305031125.555500 1305031125.575500 0.002311 0.008262
1305031125.575500 1305031125.615600 1305031125.575500 1305031125.615600 0.002849 0.010737
1305031125.615600 1305031125.655600 1305031125.615600 1305031125.655600 0.004727 0.019760
1305031125.655600 1305031125.675600 1305031125.655600 1305031125.675600 0.002890 0.016380
1305031125.675600 1305031125.715500 1305031125.675600 1305031125.715500 0.009945 0.029922
1305031125.715500 1305031125.755500 1305031125.715500 1305031125.755500 0.011877 0.010422
1305031125.755500 1305031125.775500 1305031125.755500 1305031125.775500 0.007105 0.005506
1305031125.775500 1305031125.815500 1305031125.775500 1305031125.815500 0.013544 0.004349
1305031125.815500 1305031125.845500 1305031125.815500 1305031125.845500 0.012688 0.012265
1305031125.845500 1305031125.875500 1305031125.845500 1305031125.875500 0.013883 0.007673
1305031125.875500 1305031125.915500 1305031125.875500 1305031125.915500 0.016609 0.020872
1305031125.915500 1305031125.945700 1305031125.915500 1305031125.945700 0.014249 0.018151
1305031125.945700 1305031125.975500 1305031125.945700 1305031125.975500 0.012997 0.026879
1305031125.975500 1305031126.015500 1305031125.975500 1305031126.015500 0.019875 0.015523
1305031126.015500 1305031126.045500 1305031126.015500 1305031126.045500 0.013234 0.013679
1305031126.045500 1305031126.075600 1305031126.045500 1305031126.075600 0.018797 0.016970
1305031126.075600 1305031126.115500 1305031126.075600 1305031126.115500 0.022241 0.006106
1305031126.115500 1305031126.145500 1305031126.115500 1305031126.145500 0.015954 0.015369
1305031126.145500 1305031126.175500 1305031126.145500 1305031126.175500 0.016485 0.020644
1305031126.175500 1305031126.215500 1305031126.175500 1305031126.215500 0.019450 0.007895
1305031126.215500 1305031126.245500 1305031126.215500 1305031126.245500 0.011896 0.006174
1305031126.245500 1305031126.275500 1305031126.245500 1305031126.275500 0.017748 0.015995
1305031126.275500 1305031126.315500 1305031126.275500 1305031126.315500 0.016182 0.027407
1305031126.315500 1305031126.345600 1305031126.315500 1305031126.345600 0.015455 0.013524
1305031126.345600 1305031126.375700 1305031126.345600 1305031126.375700 0.012293 0.011196
1305031126.375700 1305031126.415500 1305031126.375700 1305031126.415500 0.016315 0.019682
1305031126.415500 1305031126.445500 1305031126.415500 1305031126.445500 0.013395 0.007143
1305031126.445500 1305031126.475600 1305031126.445500 1305031126.475600 0.013854 0.009657
1305031126.475600 1305031126.515500 1305031126.475600 1305031126.515500 0.014494 0.014665
1305031126.515500 1305031126.545900 1305031126.515500 1305031126.545900 0.011466 0.017882
1305031126.545900 1305031126.575600 1305031126.545900 1305031126.575600 0.012698 0.023465
1305031126.575600 1305031126.615500 1305031126.575600 1305031126.615500 0.014176 0.015451
1305031126.615500 1305031126.645500 1305031126.615500 1305031126.645500 0.016273 0.022478
1305031126.645500 1305031126.675600 1305031126.645500 1305031126.675600 0.012634 0.014542
1305031126.675600 1305031126.715500 1305031126.675600 1305031126.715500 0.012970 0.007099
1305031126.715500 1305031126.745600 1305031126.715500 1305031126.745600 0.010630 0.013765
1305031126.745600 1305031126.775500 1305031126.745600 1305031126.775500 0.008182 0.009204
1305031126.775500 1305031126.815600 1305031126.775500 1305031126.815600 0.009194 0.006303
1305031126.815600 1305031126.845500 1305031126.815600 1305031126.845500 0.007299 0.009237
1305031126.845500 1305031126.876000 1305031126.845500 1305031126.876000 0.005682 0.004195
1305031126.876000 1305031126.915500 1305031126.876000 1305031126.915500 0.006155 0.009051
1305031126.915500 1305031126.945500 1305031126.915500 1305031126.945500 0.005406 0.004709
1305031126.945500 1305031126.975600 1305031126.945500 1305031126.975600 0.002128 0.006598
1305031126.975600 1305031127.015600 1305031126.975600 1305031127.015600 0.002235 0.002946
1305031127.015600 1305031127.045500 1305031127.015600 1305031127.045500 0.000854 0.005508
1305031127.045500 1305031127.075500 1305031127.045500 1305031127.075500 0.000680 0.002121
1305031127.075500 1305031127.115500 1305031127.075500 1305031127.115500 0.004565 0.018047
1305031127.115500 1305031127.145500 1305031127.115500 1305031127.145500 0.002788 0.010195
1305031127.145500 1305031127.175600 1305031127.145500 1305031127.175600 0.002568 0.006614
1305031127.175600 1305031127.215500 1305031127.175600 1305031127.215500 0.004311 0.002660
1305031127.215500 1305031127.245500 1305031127.215500 1305031127.245500 0.003854 0.011301
1305031127.245500 1305031127.275500 1305031127.245500 1305031127.275500 0.004531 0.003515
1305031127.275500 1305031127.315500 1305031127.275500 1305031127.315500 0.004326 0.003122
1305031127.315500 1305031127.345600 1305031127.315500 1305031127.345600 0.006647 0.014166
1305031127.345600 1305031127.375500 1305031127.345600 1305031127.375500 0.004795 0.006855
1305031127.375500 1305031127.415400 1305031127.375500 1305031127.415400 0.006900 0.001466
1305031127.415400 1305031127.445500 1305031127.415400 1305031127.445500 0.008195 0.010218
1305031127.445500 1305031127.475500 1305031127.445500 1305031127.475500 0.006486 0.010371
1305031127.475500 1305031127.515500 1305031127.475500 1305031127.515500 0.005011 0.002222
1305031127.515500 1305031127.545500 1305031127.515500 1305031127.545500 0.004484 0.003392
1305031127.545500 1305031127.575500 1305031127.545500 1305031127.575500 0.003754 0.007104
1305031127.575500 1305031127.615400 1305031127.575500 1305031127.615400 0.003030 0.005870
1305031127.615400 1305031127.645700 1305031127.615400 1305031127.645700 0.001774 0.004821
1305031127.645700 1305031127.675500 1305031127.645700 1305031127.675500 0.004233 0.005902
1305031127.675500 1305031127.715500 1305031127.675500 1305031127.715500 0.001823 0.001623
1305031127.715500 1305031127.745500 1305031127.715500 1305031127.745500 0.000908 0.003865
1305031127.745500 1305031127.775500 1305031127.745500 1305031127.775500 0.002950 0.007436
1305031127.775500 1305031127.815500 1305031127.775500 1305031127.815500 0.002514 0.008644
1305031127.815500 1305031127.845600 1305031127.815500 1305031127.845600 0.001798 0.002865
1305031127.845600 1305031127.875500 1305031127.845600 1305031127.875500 0.001698 0.002511
1305031127.875500 1305031127.915500 1305031127.875500 1305031127.915500 0.002582 0.002956
1305031127.915500 1305031127.945500 1305031127.915500 1305031127.945500 0.002744 0.008020
1305031127.945500 1305031127.975500 1305031127.945500 1305031127.975500 0.002577 0.002946
1305031127.975500 1305031128.015400 1305031127.975500 1305031128.015400 0.005259 0.005145
1305031128.015400 1305031128.045500 1305031128.015400 1305031128.045500 0.002929 0.010041
1305031128.045500 1305031128.075600 1305031128.045500 1305031128.075600 0.003631 0.000794
1305031128.075600 1305031128.115500 1305031128.075600 1305031128.115500 0.004409 0.004480
1305031128.115500 1305031128.145500 1305031128.115500 1305031128.145500 0.003041 0.008867
1305031128.145500 1305031128.175500 1305031128.145500 1305031128.175500 0.003070 0.005396
1305031128.175500 1305031128.215500 1305031128.175500 1305031128.215500 0.001392 0.004385
1305031128.215500 1305031128.245500 1305031128.215500 1305031128.245500 0.000793 0.001922
1305031128.245500 1305031128.275500 1305031128.245500 1305031128.275500 0.003157 0.003525
1305031128.275500 1305031128.315500 1305031128.275500 1305031128.315500 0.001723 0.006251
1305031128.315500 1305031128.345500 1305031128.315500 1305031128.345500 0.001432 0.004671
1305031128.345500 1305031128.375500 1305031128.345500 1305031128.375500 0.001410 0.004406
1305031128.375500 1305031128.415400 1305031128.375500 1305031128.415400 0.002591 0.004343
1305031128.415400 1305031128.445400 1305031128.415400 1305031128.445400 0.001601 0.002725
1305031128.445400 1305031128.475500 1305031128.445400 1305031128.475500 0.001217 0.002405
1305031128.475500 1305031128.515600 1305031128.475500 1305031128.515600 0.001391 0.003592
1305031128.515600 1305031128.545500 1305031128.515600 1305031128.545500 0.001306 0.003832
1305031128.545500 1305031128.575500 1305031128.545500 1305031128.575500 0.002282 0.004199
1305031128.575500 1305031128.615500 1305031128.575500 1305031128.615500 0.000646 0.005312
1305031128.615500 1305031128.645500 1305031128.615500 1305031128.645500 0.001076 0.003499
1305031128.645500 1305031128.675500 1305031128.645500 1305031128.675500 0.001372 0.003332